# unix_time, cycles_done, cur_path, paths_total, pending_total, pending_favs, map_size, unique_crashes, unique_hangs, max_depth, execs_per_sec
1500345513, 0, 0, 4, 4, 1, 2.38%, 0, 0, 1, 6.41
1500345518, 0, 2, 5, 5, 1, 2.38%, 0, 0, 2, 6.41
1500345565, 0, 3, 5, 4, 0, 2.38%, 0, 0, 2, 6.36
1500345611, 0, 4, 5, 3, 0, 2.38%, 0, 0, 2, 6.30
1500345652, 1, 0, 5, 2, 0, 2.38%, 0, 0, 2, 6.24
1500345698, 1, 1, 5, 1, 0, 2.38%, 0, 0, 2, 6.32
1500345739, 1, 2, 5, 0, 0, 2.38%, 0, 0, 2, 6.37
1500345781, 1, 3, 5, 0, 0, 2.38%, 0, 0, 2, 6.27
1500345827, 1, 4, 5, 0, 0, 2.38%, 0, 0, 2, 6.26
1500345868, 2, 0, 5, 0, 0, 2.38%, 0, 0, 2, 5.26
1500345920, 2, 1, 5, 0, 0, 2.38%, 0, 0, 2, 5.08
1500345925, 2, 1, 6, 1, 0, 2.38%, 0, 0, 2, 4.87
1500345981, 2, 2, 6, 1, 0, 2.38%, 0, 0, 2, 4.00
1500346017, 2, 2, 7, 2, 0, 2.39%, 0, 0, 2, 3.83
1500346074, 2, 6, 7, 2, 1, 2.39%, 0, 0, 2, 3.93
1500346100, 2, 6, 8, 3, 1, 2.39%, 0, 0, 3, 3.82
1500346147, 2, 6, 9, 4, 1, 2.39%, 0, 0, 3, 3.73
1500346167, 2, 8, 9, 3, 1, 2.39%, 0, 0, 3, 3.85
1500346244, 3, 0, 9, 2, 0, 2.39%, 0, 0, 3, 3.99
1500346299, 3, 0, 10, 3, 0, 2.39%, 0, 0, 3, 3.97
1500346315, 3, 9, 10, 3, 1, 2.39%, 0, 0, 3, 4.04
1500346386, 4, 0, 10, 2, 0, 2.39%, 0, 0, 3, 3.95
1500346457, 4, 1, 10, 2, 0, 2.39%, 0, 0, 3, 3.94
1500346523, 4, 2, 10, 2, 0, 2.39%, 0, 0, 3, 3.99
1500346595, 4, 3, 10, 2, 0, 2.39%, 0, 0, 3, 4.16
1500346635, 4, 3, 11, 3, 0, 2.39%, 0, 0, 3, 3.95
1500346666, 4, 7, 11, 3, 0, 2.39%, 0, 0, 3, 3.86
1500346742, 4, 9, 11, 2, 0, 2.39%, 0, 0, 3, 3.99
1500346818, 5, 0, 11, 2, 0, 2.39%, 0, 0, 3, 3.97
1500346885, 5, 9, 12, 3, 0, 2.39%, 0, 0, 3, 3.97
1500346972, 6, 5, 12, 3, 0, 2.39%, 0, 0, 3, 3.89
1500347049, 6, 9, 12, 2, 0, 2.39%, 0, 0, 3, 4.02
1500347115, 7, 9, 12, 2, 0, 2.39%, 0, 0, 3, 3.98
1500347187, 8, 9, 12, 2, 0, 2.39%, 0, 0, 3, 3.99
1500347253, 8, 10, 12, 2, 0, 2.39%, 0, 0, 3, 3.96
1500347386, 8, 11, 12, 1, 0, 2.39%, 0, 0, 3, 3.99
1500347478, 9, 9, 12, 0, 0, 2.39%, 0, 0, 3, 3.92
1500347545, 10, 9, 12, 0, 0, 2.39%, 0, 0, 3, 3.93
1500347606, 10, 9, 13, 1, 0, 2.39%, 0, 0, 3, 4.00
1500347621, 10, 12, 13, 1, 1, 2.39%, 0, 0, 3, 3.92
1500347647, 11, 9, 13, 0, 0, 2.39%, 0, 0, 3, 4.00
1500347708, 11, 12, 13, 0, 0, 2.39%, 0, 0, 3, 4.00
1500347713, 11, 12, 14, 1, 0, 2.39%, 0, 0, 4, 3.98
1500347764, 11, 13, 14, 1, 1, 2.39%, 0, 0, 4, 3.94
1500347816, 12, 4, 14, 0, 0, 2.39%, 0, 0, 4, 3.98
1500347872, 12, 12, 14, 0, 0, 2.39%, 0, 0, 4, 3.92
1500347882, 12, 13, 14, 0, 0, 2.39%, 0, 0, 4, 3.94
1500347933, 13, 12, 14, 0, 0, 2.39%, 0, 0, 4, 3.99
1500347949, 13, 13, 14, 0, 0, 2.39%, 0, 0, 4, 3.98
1500347974, 14, 6, 14, 0, 0, 2.39%, 0, 0, 4, 3.99
1500348046, 14, 12, 14, 0, 0, 2.39%, 0, 0, 4, 3.99
1500348056, 14, 13, 14, 0, 0, 2.39%, 0, 0, 4, 3.94
1500348082, 15, 12, 14, 0, 0, 2.39%, 0, 0, 4, 3.96
1500348087, 15, 13, 14, 0, 0, 2.39%, 0, 0, 4, 3.98
1500348112, 16, 12, 14, 0, 0, 2.39%, 0, 0, 4, 4.01
1500348117, 16, 13, 14, 0, 0, 2.39%, 0, 0, 4, 3.96
1500348133, 17, 12, 14, 0, 0, 2.39%, 0, 0, 4, 3.91
1500348138, 17, 13, 14, 0, 0, 2.39%, 0, 0, 4, 3.87
1500348153, 18, 12, 14, 0, 0, 2.39%, 0, 0, 4, 3.98
1500348158, 18, 13, 14, 0, 0, 2.39%, 0, 0, 4, 3.94
1500348169, 19, 1, 14, 0, 0, 2.39%, 0, 0, 4, 4.06
1500348189, 19, 1, 15, 1, 0, 2.39%, 0, 0, 4, 3.95
1500348246, 19, 7, 15, 1, 0, 2.39%, 0, 0, 4, 4.00
1500348317, 19, 12, 15, 1, 0, 2.39%, 0, 0, 4, 3.99
1500348327, 19, 13, 15, 1, 0, 2.39%, 0, 0, 4, 4.01
1500348337, 20, 11, 15, 1, 0, 2.39%, 0, 0, 4, 4.01
1500348414, 20, 12, 15, 1, 0, 2.39%, 0, 0, 4, 3.98
1500348419, 20, 13, 15, 1, 0, 2.39%, 0, 0, 4, 3.98
1500348434, 21, 4, 15, 1, 0, 2.39%, 0, 0, 4, 3.96
1500348500, 21, 12, 15, 1, 0, 2.39%, 0, 0, 4, 3.98
1500348505, 21, 13, 15, 1, 0, 2.39%, 0, 0, 4, 4.01
1500348520, 21, 14, 15, 1, 0, 2.39%, 0, 0, 4, 3.97
1500348597, 22, 2, 15, 0, 0, 2.39%, 0, 0, 4, 3.98
1500348663, 22, 12, 15, 0, 0, 2.39%, 0, 0, 4, 3.96
1500348668, 22, 13, 15, 0, 0, 2.39%, 0, 0, 4, 3.91
1500348684, 23, 12, 15, 0, 0, 2.39%, 0, 0, 4, 3.91
1500348689, 23, 13, 15, 0, 0, 2.39%, 0, 0, 4, 4.02
1500348704, 24, 12, 15, 0, 0, 2.39%, 0, 0, 4, 3.95
1500348709, 24, 13, 15, 0, 0, 2.39%, 0, 0, 4, 3.83
1500348720, 25, 1, 15, 0, 0, 2.39%, 0, 0, 4, 3.92
1500348786, 25, 4, 15, 0, 0, 2.39%, 0, 0, 4, 3.98
1500348858, 25, 12, 15, 0, 0, 2.39%, 0, 0, 4, 3.94
1500348863, 25, 13, 15, 0, 0, 2.39%, 0, 0, 4, 3.75
1500348873, 26, 5, 15, 0, 0, 2.39%, 0, 0, 4, 4.04
1500348950, 26, 12, 15, 0, 0, 2.39%, 0, 0, 4, 3.95
1500348955, 26, 13, 15, 0, 0, 2.39%, 0, 0, 4, 4.00
1500348970, 27, 2, 15, 0, 0, 2.39%, 0, 0, 4, 3.93
1500349037, 27, 8, 15, 0, 0, 2.39%, 0, 0, 4, 3.97
1500349108, 27, 12, 15, 0, 0, 2.39%, 0, 0, 4, 4.06
1500349114, 27, 13, 15, 0, 0, 2.39%, 0, 0, 4, 3.99
1500349129, 28, 12, 15, 0, 0, 2.39%, 0, 0, 4, 4.06
1500349134, 28, 13, 15, 0, 0, 2.39%, 0, 0, 4, 3.97
1500349150, 29, 12, 15, 0, 0, 2.39%, 0, 0, 4, 3.98
1500349155, 29, 13, 15, 0, 0, 2.39%, 0, 0, 4, 4.04
1500349170, 30, 5, 15, 0, 0, 2.39%, 0, 0, 4, 3.94
1500349236, 30, 12, 15, 0, 0, 2.39%, 0, 0, 4, 3.94
1500349241, 30, 13, 15, 0, 0, 2.39%, 0, 0, 4, 4.01
1500349256, 31, 12, 15, 0, 0, 2.39%, 0, 0, 4, 3.96
1500349261, 31, 13, 15, 0, 0, 2.39%, 0, 0, 4, 4.00
1500349272, 32, 12, 15, 0, 0, 2.39%, 0, 0, 4, 3.97
1500349282, 32, 13, 15, 0, 0, 2.39%, 0, 0, 4, 3.95
1500349292, 33, 5, 15, 0, 0, 2.39%, 0, 0, 4, 3.90
1500349358, 33, 6, 15, 0, 0, 2.39%, 0, 0, 4, 3.99
1500349430, 33, 12, 15, 0, 0, 2.39%, 0, 0, 4, 3.96
1500349435, 33, 13, 15, 0, 0, 2.39%, 0, 0, 4, 3.85
1500349445, 34, 9, 15, 0, 0, 2.39%, 0, 0, 4, 4.00
1500349511, 34, 10, 15, 0, 0, 2.39%, 0, 0, 4, 3.92
1500349583, 34, 12, 15, 0, 0, 2.39%, 0, 0, 4, 3.99
1500349588, 34, 13, 15, 0, 0, 2.39%, 0, 0, 4, 3.98
1500349598, 35, 3, 15, 0, 0, 2.39%, 0, 0, 4, 4.05
1500349670, 35, 7, 15, 0, 0, 2.39%, 0, 0, 4, 3.95
1500349736, 35, 11, 15, 0, 0, 2.39%, 0, 0, 4, 3.90
1500349803, 35, 12, 15, 0, 0, 2.39%, 0, 0, 4, 3.99
1500349808, 35, 13, 15, 0, 0, 2.39%, 0, 0, 4, 4.02
1500349823, 36, 12, 15, 0, 0, 2.39%, 0, 0, 4, 3.94
1500349829, 36, 13, 15, 0, 0, 2.39%, 0, 0, 4, 3.93
1500349844, 37, 2, 15, 0, 0, 2.39%, 0, 0, 4, 4.03
1500349910, 37, 12, 15, 0, 0, 2.39%, 0, 0, 4, 4.05
1500349916, 37, 13, 15, 0, 0, 2.39%, 0, 0, 4, 3.90
1500349926, 38, 12, 15, 0, 0, 2.39%, 0, 0, 4, 3.94
1500349936, 38, 13, 15, 0, 0, 2.39%, 0, 0, 4, 4.00
1500349946, 39, 4, 15, 0, 0, 2.39%, 0, 0, 4, 3.90
1500350012, 39, 6, 15, 0, 0, 2.39%, 0, 0, 4, 4.01
1500350079, 39, 12, 15, 0, 0, 2.39%, 0, 0, 4, 3.95
1500350089, 39, 13, 15, 0, 0, 2.39%, 0, 0, 4, 3.99
1500350099, 40, 12, 15, 0, 0, 2.39%, 0, 0, 4, 3.97
1500350105, 40, 13, 15, 0, 0, 2.39%, 0, 0, 4, 4.07
1500350120, 41, 12, 15, 0, 0, 2.39%, 0, 0, 4, 4.03
1500350125, 41, 13, 15, 0, 0, 2.39%, 0, 0, 4, 3.95
1500350140, 42, 12, 15, 0, 0, 2.39%, 0, 0, 4, 4.03
1500350145, 42, 13, 15, 0, 0, 2.39%, 0, 0, 4, 4.04
1500350156, 43, 2, 15, 0, 0, 2.39%, 0, 0, 4, 3.87
1500350227, 43, 9, 15, 0, 0, 2.39%, 0, 0, 4, 3.91
1500350294, 43, 12, 15, 0, 0, 2.39%, 0, 0, 4, 3.97
1500350299, 43, 13, 15, 0, 0, 2.39%, 0, 0, 4, 3.99
1500350314, 44, 12, 15, 0, 0, 2.39%, 0, 0, 4, 3.95
1500350319, 44, 13, 15, 0, 0, 2.39%, 0, 0, 4, 3.95
1500350329, 45, 12, 15, 0, 0, 2.39%, 0, 0, 4, 4.01
1500350339, 45, 13, 15, 0, 0, 2.39%, 0, 0, 4, 3.92
1500350350, 46, 8, 15, 0, 0, 2.39%, 0, 0, 4, 4.04
1500350417, 46, 12, 15, 0, 0, 2.39%, 0, 0, 4, 4.08
1500350427, 46, 13, 15, 0, 0, 2.39%, 0, 0, 4, 4.01
1500350437, 47, 12, 15, 0, 0, 2.39%, 0, 0, 4, 3.98
1500350442, 47, 13, 15, 0, 0, 2.39%, 0, 0, 4, 4.01
1500350457, 48, 12, 16, 1, 0, 2.39%, 0, 0, 4, 3.97
1500350478, 48, 13, 16, 1, 0, 2.39%, 0, 0, 4, 3.96
1500350493, 49, 12, 16, 1, 0, 2.39%, 0, 0, 4, 3.95
1500350498, 49, 13, 16, 1, 0, 2.39%, 0, 0, 4, 3.98
1500350513, 49, 15, 16, 1, 0, 2.39%, 0, 0, 4, 4.01
1500350565, 50, 12, 16, 0, 0, 2.39%, 0, 0, 4, 4.09
1500350570, 50, 13, 16, 0, 0, 2.39%, 0, 0, 4, 3.99
1500350580, 50, 14, 16, 0, 0, 2.39%, 0, 0, 4, 3.95
1500350656, 51, 12, 16, 0, 0, 2.39%, 0, 0, 4, 3.94
1500350661, 51, 13, 16, 0, 0, 2.39%, 0, 0, 4, 3.97
1500350677, 52, 12, 16, 0, 0, 2.39%, 0, 0, 4, 3.95
1500350682, 52, 13, 16, 0, 0, 2.39%, 0, 0, 4, 3.99
1500350697, 53, 8, 16, 0, 0, 2.39%, 0, 0, 4, 4.01
1500350754, 53, 12, 16, 0, 0, 2.39%, 0, 0, 4, 3.94
1500350759, 53, 13, 16, 0, 0, 2.39%, 0, 0, 4, 3.89
1500350774, 54, 12, 16, 0, 0, 2.39%, 0, 0, 4, 3.92
1500350779, 54, 13, 16, 0, 0, 2.39%, 0, 0, 4, 3.96
1500350794, 55, 4, 16, 0, 0, 2.39%, 0, 0, 4, 3.94
1500350856, 55, 12, 16, 0, 0, 2.39%, 0, 0, 4, 4.02
1500350861, 55, 13, 16, 0, 0, 2.39%, 0, 0, 4, 4.03
1500350877, 56, 0, 16, 0, 0, 2.39%, 0, 0, 4, 3.89
1500350928, 56, 12, 16, 0, 0, 2.39%, 0, 0, 4, 4.09
1500350933, 56, 13, 16, 0, 0, 2.39%, 0, 0, 4, 4.13
1500350949, 57, 12, 16, 0, 0, 2.39%, 0, 0, 4, 3.94
1500350954, 57, 13, 16, 0, 0, 2.39%, 0, 0, 4, 4.01
1500350969, 58, 8, 16, 0, 0, 2.39%, 0, 0, 4, 3.99
1500351030, 58, 10, 16, 0, 0, 2.39%, 0, 0, 4, 3.99
1500351097, 58, 12, 16, 0, 0, 2.39%, 0, 0, 4, 3.92
1500351107, 58, 13, 16, 0, 0, 2.39%, 0, 0, 4, 3.91
1500351117, 59, 6, 16, 0, 0, 2.39%, 0, 0, 4, 3.80
1500351184, 59, 12, 16, 0, 0, 2.39%, 0, 0, 4, 3.96
1500351190, 59, 13, 16, 0, 0, 2.39%, 0, 0, 4, 3.98
1500351205, 60, 12, 16, 0, 0, 2.39%, 0, 0, 4, 4.01
1500351210, 60, 13, 16, 0, 0, 2.39%, 0, 0, 4, 3.94
1500351225, 61, 12, 16, 0, 0, 2.39%, 0, 0, 4, 3.88
1500351230, 61, 13, 16, 0, 0, 2.39%, 0, 0, 4, 3.93
1500351241, 62, 12, 16, 0, 0, 2.39%, 0, 0, 4, 3.97
1500351251, 62, 13, 16, 0, 0, 2.39%, 0, 0, 4, 4.02
1500351261, 63, 12, 16, 0, 0, 2.39%, 0, 0, 4, 4.02
1500351266, 63, 13, 16, 0, 0, 2.39%, 0, 0, 4, 4.02
1500351281, 64, 8, 16, 0, 0, 2.39%, 0, 0, 4, 4.02
1500351343, 64, 12, 16, 0, 0, 2.39%, 0, 0, 4, 3.94
1500351353, 64, 13, 16, 0, 0, 2.39%, 0, 0, 4, 4.02
1500351363, 65, 12, 16, 0, 0, 2.39%, 0, 0, 4, 4.03
1500351369, 65, 13, 16, 0, 0, 2.39%, 0, 0, 4, 3.96
1500351384, 65, 14, 16, 0, 0, 2.39%, 0, 0, 4, 3.99
1500351430, 65, 14, 17, 1, 0, 2.39%, 0, 0, 4, 3.99
1500351465, 65, 16, 17, 1, 0, 2.39%, 0, 0, 4, 4.02
1500351573, 66, 12, 17, 0, 0, 2.39%, 0, 0, 4, 3.90
1500351578, 66, 13, 17, 0, 0, 2.39%, 0, 0, 4, 4.02
1500351594, 67, 6, 17, 0, 0, 2.39%, 0, 0, 4, 3.98
1500351650, 67, 12, 17, 0, 0, 2.39%, 0, 0, 4, 4.04
1500351656, 67, 13, 17, 0, 0, 2.39%, 0, 0, 4, 3.98
1500351671, 68, 10, 17, 0, 0, 2.39%, 0, 0, 4, 3.98
1500351732, 68, 12, 17, 0, 0, 2.39%, 0, 0, 4, 3.90
1500351738, 68, 13, 17, 0, 0, 2.39%, 0, 0, 4, 3.98
1500351753, 69, 12, 17, 0, 0, 2.39%, 0, 0, 4, 4.05
1500351758, 69, 13, 17, 0, 0, 2.39%, 0, 0, 4, 4.03
1500351773, 70, 12, 17, 0, 0, 2.39%, 0, 0, 4, 3.98
1500351779, 70, 13, 17, 0, 0, 2.39%, 0, 0, 4, 4.10
1500351789, 71, 12, 17, 0, 0, 2.39%, 0, 0, 4, 3.96
1500351794, 71, 13, 17, 0, 0, 2.39%, 0, 0, 4, 3.94
1500351809, 72, 12, 17, 0, 0, 2.39%, 0, 0, 4, 3.99
1500351814, 72, 13, 17, 0, 0, 2.39%, 0, 0, 4, 3.98
1500351829, 73, 12, 17, 0, 0, 2.39%, 0, 0, 4, 3.94
1500351835, 73, 13, 17, 0, 0, 2.39%, 0, 0, 4, 3.93
1500351850, 74, 12, 17, 0, 0, 2.39%, 0, 0, 4, 3.99
1500351855, 74, 13, 17, 0, 0, 2.39%, 0, 0, 4, 3.92
1500351865, 75, 12, 17, 0, 0, 2.39%, 0, 0, 4, 3.96
1500351875, 75, 13, 17, 0, 0, 2.39%, 0, 0, 4, 3.93
1500351885, 76, 5, 17, 0, 0, 2.39%, 0, 0, 4, 3.99
1500351947, 76, 9, 17, 0, 0, 2.39%, 0, 0, 4, 4.04
1500352003, 76, 12, 17, 0, 0, 2.39%, 0, 0, 4, 4.04
1500352008, 76, 13, 17, 0, 0, 2.39%, 0, 0, 4, 4.06
1500352024, 76, 14, 17, 0, 0, 2.39%, 0, 0, 4, 3.94
1500352106, 77, 12, 17, 0, 0, 2.39%, 0, 0, 4, 4.12
1500352111, 77, 13, 17, 0, 0, 2.39%, 0, 0, 4, 3.97
1500352126, 78, 1, 17, 0, 0, 2.39%, 0, 0, 4, 3.93
1500352188, 78, 12, 17, 0, 0, 2.39%, 0, 0, 4, 3.99
1500352193, 78, 13, 17, 0, 0, 2.39%, 0, 0, 4, 3.89
1500352209, 79, 12, 17, 0, 0, 2.39%, 0, 0, 4, 3.98
1500352214, 79, 13, 17, 0, 0, 2.39%, 0, 0, 4, 4.00
1500352229, 80, 12, 17, 0, 0, 2.39%, 0, 0, 4, 4.05
1500352234, 80, 13, 17, 0, 0, 2.39%, 0, 0, 4, 4.04
1500352244, 81, 11, 17, 0, 0, 2.39%, 0, 0, 4, 3.88
1500352311, 81, 12, 17, 0, 0, 2.39%, 0, 0, 4, 4.01
1500352316, 81, 13, 17, 0, 0, 2.39%, 0, 0, 4, 3.97
1500352326, 82, 10, 17, 0, 0, 2.39%, 0, 0, 4, 3.98
1500352388, 82, 12, 17, 0, 0, 2.39%, 0, 0, 4, 3.93
1500352393, 82, 13, 17, 0, 0, 2.39%, 0, 0, 4, 3.95
1500352408, 82, 15, 17, 0, 0, 2.39%, 0, 0, 4, 4.01
1500352460, 83, 12, 17, 0, 0, 2.39%, 0, 0, 4, 3.95
1500352465, 83, 13, 17, 0, 0, 2.39%, 0, 0, 4, 4.03
1500352475, 84, 10, 17, 0, 0, 2.39%, 0, 0, 4, 4.01
1500352542, 84, 11, 17, 0, 0, 2.39%, 0, 0, 4, 4.05
1500352608, 84, 12, 17, 0, 0, 2.39%, 0, 0, 4, 3.99
1500352613, 84, 13, 17, 0, 0, 2.39%, 0, 0, 4, 3.99
1500352628, 85, 7, 17, 0, 0, 2.39%, 0, 0, 4, 3.88
1500352695, 85, 12, 17, 0, 0, 2.39%, 0, 0, 4, 3.90
1500352701, 85, 13, 17, 0, 0, 2.39%, 0, 0, 4, 4.02
1500352716, 86, 5, 17, 0, 0, 2.39%, 0, 0, 4, 4.01
1500352777, 86, 12, 17, 0, 0, 2.39%, 0, 0, 4, 3.92
1500352782, 86, 13, 17, 0, 0, 2.39%, 0, 0, 4, 3.87
1500352798, 87, 12, 17, 0, 0, 2.39%, 0, 0, 4, 3.99
1500352803, 87, 13, 17, 0, 0, 2.39%, 0, 0, 4, 4.01
1500352813, 88, 10, 17, 0, 0, 2.39%, 0, 0, 4, 3.86
1500352880, 88, 12, 17, 0, 0, 2.39%, 0, 0, 4, 4.01
1500352885, 88, 13, 17, 0, 0, 2.39%, 0, 0, 4, 4.00
1500352895, 88, 14, 17, 0, 0, 2.39%, 0, 0, 4, 3.96
1500352956, 89, 10, 17, 0, 0, 2.39%, 0, 0, 4, 3.98
1500352987, 89, 10, 18, 1, 0, 2.39%, 0, 0, 4, 4.01
1500353023, 89, 17, 18, 1, 1, 2.39%, 0, 0, 4, 3.89
1500353048, 90, 7, 18, 0, 0, 2.39%, 0, 0, 4, 3.93
1500353105, 90, 17, 18, 0, 0, 2.39%, 0, 0, 4, 3.83
1500353130, 91, 17, 18, 0, 0, 2.39%, 0, 0, 4, 4.00
1500353156, 92, 17, 18, 0, 0, 2.39%, 0, 0, 4, 3.95
1500353181, 93, 9, 18, 0, 0, 2.39%, 0, 0, 4, 3.97
1500353243, 93, 17, 18, 0, 0, 2.39%, 0, 0, 4, 3.99
1500353258, 93, 17, 19, 1, 0, 2.39%, 0, 0, 4, 3.96
1500353294, 93, 18, 19, 1, 1, 2.39%, 0, 0, 4, 4.02
1500353345, 94, 9, 19, 0, 0, 2.39%, 0, 0, 4, 3.98
1500353401, 94, 17, 19, 0, 0, 2.39%, 0, 0, 4, 3.98
1500353427, 94, 18, 19, 0, 0, 2.39%, 0, 0, 4, 3.97
1500353478, 95, 16, 19, 0, 0, 2.39%, 0, 0, 4, 3.93
1500353554, 95, 17, 19, 0, 0, 2.39%, 0, 0, 4, 4.01
1500353579, 95, 18, 19, 0, 0, 2.39%, 0, 0, 4, 3.97
1500353631, 96, 6, 19, 0, 0, 2.39%, 0, 0, 4, 4.04
1500353682, 96, 14, 19, 0, 0, 2.39%, 0, 0, 4, 3.95
1500353749, 96, 17, 19, 0, 0, 2.39%, 0, 0, 4, 4.03
1500353774, 96, 18, 19, 0, 0, 2.39%, 0, 0, 4, 3.84
1500353825, 97, 1, 19, 0, 0, 2.39%, 0, 0, 4, 4.03
1500353881, 97, 17, 19, 0, 0, 2.39%, 0, 0, 4, 4.03
1500353907, 97, 18, 19, 0, 0, 2.39%, 0, 0, 4, 3.99
1500353958, 98, 6, 19, 0, 0, 2.39%, 0, 0, 4, 3.95
1500354019, 98, 6, 20, 1, 0, 2.39%, 0, 0, 4, 3.98
1500354034, 98, 17, 20, 1, 0, 2.39%, 0, 0, 4, 3.97
1500354060, 98, 18, 20, 1, 0, 2.39%, 0, 0, 4, 3.96
1500354110, 98, 19, 20, 1, 0, 2.39%, 0, 0, 4, 3.98
1500354197, 99, 17, 20, 0, 0, 2.39%, 0, 0, 4, 3.92
1500354223, 99, 18, 20, 0, 0, 2.39%, 0, 0, 4, 3.89
1500354274, 100, 17, 20, 0, 0, 2.39%, 0, 0, 4, 3.93
1500354300, 100, 18, 20, 0, 0, 2.39%, 0, 0, 4, 4.01
1500354351, 101, 1, 20, 0, 0, 2.39%, 0, 0, 4, 3.97
1500354417, 101, 17, 20, 0, 0, 2.39%, 0, 0, 4, 3.99
1500354443, 101, 18, 20, 0, 0, 2.39%, 0, 0, 4, 3.94
1500354494, 102, 2, 20, 0, 0, 2.39%, 0, 0, 4, 3.86
1500354556, 102, 17, 20, 0, 0, 2.39%, 0, 0, 4, 3.87
1500354582, 102, 18, 20, 0, 0, 2.39%, 0, 0, 4, 3.94
1500354633, 103, 17, 20, 0, 0, 2.39%, 0, 0, 4, 4.07
1500354658, 103, 18, 20, 0, 0, 2.39%, 0, 0, 4, 3.97
1500354709, 104, 2, 20, 0, 0, 2.39%, 0, 0, 4, 3.91
1500354776, 104, 16, 20, 0, 0, 2.39%, 0, 0, 4, 3.96
1500354858, 104, 17, 20, 0, 0, 2.39%, 0, 0, 4, 3.97
1500354884, 104, 18, 20, 0, 0, 2.39%, 0, 0, 4, 3.99
1500354935, 105, 13, 20, 0, 0, 2.39%, 0, 0, 4, 4.06
1500354945, 105, 16, 20, 0, 0, 2.39%, 0, 0, 4, 3.89
1500355026, 105, 17, 20, 0, 0, 2.39%, 0, 0, 4, 3.96
1500355052, 105, 18, 20, 0, 0, 2.39%, 0, 0, 4, 4.20
1500355103, 106, 3, 20, 0, 0, 2.39%, 0, 0, 4, 4.01
1500355164, 106, 17, 20, 0, 0, 2.39%, 0, 0, 4, 3.87
1500355190, 106, 18, 20, 0, 0, 2.39%, 0, 0, 4, 3.97
1500355241, 107, 13, 20, 0, 0, 2.39%, 0, 0, 4, 4.04
1500355256, 107, 17, 20, 0, 0, 2.39%, 0, 0, 4, 3.98
1500355282, 107, 18, 20, 0, 0, 2.39%, 0, 0, 4, 3.97
1500355333, 108, 17, 20, 0, 0, 2.39%, 0, 0, 4, 3.98
1500355358, 108, 18, 20, 0, 0, 2.39%, 0, 0, 4, 3.98
1500355410, 109, 0, 20, 0, 0, 2.39%, 0, 0, 4, 4.07
1500355471, 109, 17, 20, 0, 0, 2.39%, 0, 0, 4, 4.05
1500355496, 109, 18, 20, 0, 0, 2.39%, 0, 0, 4, 4.06
1500355507, 109, 18, 21, 1, 0, 2.39%, 0, 0, 5, 3.93
1500355599, 110, 17, 21, 1, 0, 2.39%, 0, 0, 5, 3.97
1500355625, 110, 18, 21, 1, 0, 2.39%, 0, 0, 5, 3.97
1500355676, 110, 20, 21, 1, 0, 2.39%, 0, 0, 5, 4.09
1500356315, 111, 17, 21, 0, 0, 2.39%, 0, 0, 5, 4.00
1500356325, 111, 18, 21, 0, 0, 2.39%, 0, 0, 5, 3.99
1500356376, 112, 1, 21, 0, 0, 2.39%, 0, 0, 5, 3.96
1500356443, 112, 17, 21, 0, 0, 2.39%, 0, 0, 5, 4.13
1500356448, 112, 18, 21, 0, 0, 2.39%, 0, 0, 5, 4.05
1500356505, 113, 7, 21, 0, 0, 2.39%, 0, 0, 5, 3.98
1500356566, 113, 12, 21, 0, 0, 2.39%, 0, 0, 5, 3.99
1500356571, 113, 17, 21, 0, 0, 2.39%, 0, 0, 5, 3.98
1500356581, 113, 18, 21, 0, 0, 2.39%, 0, 0, 5, 3.98
1500356632, 114, 5, 21, 0, 0, 2.39%, 0, 0, 5, 3.98
1500356694, 114, 17, 21, 0, 0, 2.39%, 0, 0, 5, 3.97
1500356699, 114, 18, 21, 0, 0, 2.39%, 0, 0, 5, 4.04
1500356750, 115, 4, 21, 0, 0, 2.39%, 0, 0, 5, 3.91
1500356816, 115, 5, 21, 0, 0, 2.39%, 0, 0, 5, 3.89
1500356877, 115, 17, 21, 0, 0, 2.39%, 0, 0, 5, 3.96
1500356882, 115, 18, 21, 0, 0, 2.39%, 0, 0, 5, 4.14
1500356934, 116, 10, 21, 0, 0, 2.39%, 0, 0, 5, 3.97
1500357001, 116, 12, 21, 0, 0, 2.39%, 0, 0, 5, 3.99
1500357006, 116, 17, 21, 0, 0, 2.39%, 0, 0, 5, 3.99
1500357011, 116, 18, 21, 0, 0, 2.39%, 0, 0, 5, 4.01
1500357036, 117, 13, 21, 0, 0, 2.39%, 0, 0, 5, 4.02
1500357052, 117, 17, 21, 0, 0, 2.39%, 0, 0, 5, 3.92
1500357057, 117, 18, 21, 0, 0, 2.39%, 0, 0, 5, 3.98
1500357072, 118, 0, 21, 0, 0, 2.39%, 0, 0, 5, 3.90
1500357134, 118, 2, 21, 0, 0, 2.39%, 0, 0, 5, 4.00
1500357195, 118, 17, 21, 0, 0, 2.39%, 0, 0, 5, 3.99
1500357205, 118, 18, 21, 0, 0, 2.39%, 0, 0, 5, 4.02
1500357215, 118, 20, 21, 0, 0, 2.39%, 0, 0, 5, 4.02
1500357364, 119, 1, 21, 0, 0, 2.39%, 0, 0, 5, 4.05
1500357420, 119, 17, 21, 0, 0, 2.39%, 0, 0, 5, 4.03
1500357426, 119, 18, 21, 0, 0, 2.39%, 0, 0, 5, 4.15
1500357441, 120, 12, 21, 0, 0, 2.39%, 0, 0, 5, 4.00
1500357446, 120, 17, 21, 0, 0, 2.39%, 0, 0, 5, 4.00
1500357451, 120, 18, 21, 0, 0, 2.39%, 0, 0, 5, 3.99
1500357467, 120, 19, 21, 0, 0, 2.39%, 0, 0, 5, 3.97
1500357553, 121, 17, 21, 0, 0, 2.39%, 0, 0, 5, 3.81
1500357558, 121, 18, 21, 0, 0, 2.39%, 0, 0, 5, 3.90
1500357574, 122, 7, 21, 0, 0, 2.39%, 0, 0, 5, 3.96
1500357635, 122, 17, 21, 0, 0, 2.39%, 0, 0, 5, 3.99
1500357640, 122, 18, 21, 0, 0, 2.39%, 0, 0, 5, 3.92
1500357656, 123, 4, 21, 0, 0, 2.39%, 0, 0, 5, 3.96
1500357717, 123, 17, 21, 0, 0, 2.39%, 0, 0, 5, 4.02
1500357722, 123, 18, 21, 0, 0, 2.39%, 0, 0, 5, 3.98
1500357737, 124, 17, 21, 0, 0, 2.39%, 0, 0, 5, 4.06
1500357742, 124, 18, 21, 0, 0, 2.39%, 0, 0, 5, 3.98
1500357757, 124, 20, 21, 0, 0, 2.39%, 0, 0, 5, 3.81
1500357896, 125, 1, 21, 0, 0, 2.39%, 0, 0, 5, 3.97
1500357957, 125, 13, 21, 0, 0, 2.39%, 0, 0, 5, 3.99
1500357972, 125, 16, 21, 0, 0, 2.39%, 0, 0, 5, 3.92
1500358049, 125, 17, 21, 0, 0, 2.39%, 0, 0, 5, 3.98
1500358054, 125, 18, 21, 0, 0, 2.39%, 0, 0, 5, 3.96
1500358065, 126, 11, 21, 0, 0, 2.39%, 0, 0, 5, 4.04
1500358131, 126, 17, 21, 0, 0, 2.39%, 0, 0, 5, 4.02
1500358136, 126, 18, 21, 0, 0, 2.39%, 0, 0, 5, 3.85
1500358147, 126, 20, 21, 0, 0, 2.39%, 0, 0, 5, 3.95
1500358285, 127, 17, 21, 0, 0, 2.39%, 0, 0, 5, 4.00
1500358290, 127, 18, 21, 0, 0, 2.39%, 0, 0, 5, 4.00
1500358300, 128, 17, 21, 0, 0, 2.39%, 0, 0, 5, 3.92
1500358305, 128, 18, 21, 0, 0, 2.39%, 0, 0, 5, 4.05
1500358320, 129, 4, 21, 0, 0, 2.39%, 0, 0, 5, 3.99
1500358382, 129, 17, 21, 0, 0, 2.39%, 0, 0, 5, 3.97
1500358392, 129, 18, 21, 0, 0, 2.39%, 0, 0, 5, 3.97
1500358403, 130, 4, 21, 0, 0, 2.39%, 0, 0, 5, 4.00
1500358458, 130, 12, 21, 0, 0, 2.39%, 0, 0, 5, 3.94
1500358464, 130, 17, 21, 0, 0, 2.39%, 0, 0, 5, 3.98
1500358469, 130, 18, 21, 0, 0, 2.39%, 0, 0, 5, 3.97
1500358484, 131, 11, 21, 0, 0, 2.39%, 0, 0, 5, 4.00
1500358545, 131, 16, 21, 0, 0, 2.39%, 0, 0, 5, 3.97
1500358622, 131, 17, 21, 0, 0, 2.39%, 0, 0, 5, 3.97
1500358627, 131, 18, 21, 0, 0, 2.39%, 0, 0, 5, 3.97
1500358642, 132, 17, 21, 0, 0, 2.39%, 0, 0, 5, 3.94
1500358647, 132, 18, 21, 0, 0, 2.39%, 0, 0, 5, 3.99
1500358662, 133, 15, 21, 0, 0, 2.39%, 0, 0, 5, 3.96
1500358713, 133, 17, 21, 0, 0, 2.39%, 0, 0, 5, 3.99
1500358719, 133, 18, 21, 0, 0, 2.39%, 0, 0, 5, 3.91
1500358729, 134, 17, 21, 0, 0, 2.39%, 0, 0, 5, 4.03
1500358739, 134, 18, 21, 0, 0, 2.39%, 0, 0, 5, 3.98
1500358749, 135, 5, 21, 0, 0, 2.39%, 0, 0, 5, 3.93
1500358815, 135, 7, 21, 0, 0, 2.39%, 0, 0, 5, 3.98
1500358881, 135, 17, 21, 0, 0, 2.39%, 0, 0, 5, 4.00
1500358887, 135, 18, 21, 0, 0, 2.39%, 0, 0, 5, 3.99
1500358897, 136, 11, 21, 0, 0, 2.39%, 0, 0, 5, 3.97
1500358964, 136, 17, 21, 0, 0, 2.39%, 0, 0, 5, 3.93
1500358969, 136, 18, 21, 0, 0, 2.39%, 0, 0, 5, 3.99
1500358984, 137, 17, 21, 0, 0, 2.39%, 0, 0, 5, 4.00
1500358989, 137, 18, 21, 0, 0, 2.39%, 0, 0, 5, 4.02
1500358999, 138, 9, 21, 0, 0, 2.39%, 0, 0, 5, 3.98
1500359060, 138, 17, 21, 0, 0, 2.39%, 0, 0, 5, 3.96
1500359065, 138, 18, 21, 0, 0, 2.39%, 0, 0, 5, 3.96
1500359081, 139, 3, 21, 0, 0, 2.39%, 0, 0, 5, 3.93
1500359147, 139, 7, 21, 0, 0, 2.39%, 0, 0, 5, 3.99
1500359214, 139, 17, 21, 0, 0, 2.39%, 0, 0, 5, 3.95
1500359219, 139, 18, 21, 0, 0, 2.39%, 0, 0, 5, 4.01
1500359234, 140, 17, 21, 0, 0, 2.39%, 0, 0, 5, 3.92
1500359239, 140, 18, 21, 0, 0, 2.39%, 0, 0, 5, 3.98
1500359254, 141, 17, 21, 0, 0, 2.39%, 0, 0, 5, 4.21
1500359260, 141, 18, 21, 0, 0, 2.39%, 0, 0, 5, 4.04
1500359270, 141, 19, 21, 0, 0, 2.39%, 0, 0, 5, 3.91
1500359357, 142, 8, 21, 0, 0, 2.39%, 0, 0, 5, 4.01
1500359424, 142, 17, 21, 0, 0, 2.39%, 0, 0, 5, 3.99
1500359429, 142, 18, 21, 0, 0, 2.39%, 0, 0, 5, 3.96
1500359439, 143, 10, 21, 0, 0, 2.39%, 0, 0, 5, 3.92
1500359505, 143, 17, 21, 0, 0, 2.39%, 0, 0, 5, 3.97
1500359510, 143, 18, 21, 0, 0, 2.39%, 0, 0, 5, 3.88
1500359521, 144, 17, 21, 0, 0, 2.39%, 0, 0, 5, 3.99
1500359531, 144, 18, 21, 0, 0, 2.39%, 0, 0, 5, 3.91
1500359541, 144, 20, 21, 0, 0, 2.39%, 0, 0, 5, 4.02
1500359689, 145, 15, 21, 0, 0, 2.39%, 0, 0, 5, 4.09
1500359741, 145, 17, 21, 0, 0, 2.39%, 0, 0, 5, 3.92
1500359746, 145, 18, 21, 0, 0, 2.39%, 0, 0, 5, 3.98
1500359761, 146, 12, 21, 0, 0, 2.39%, 0, 0, 5, 3.94
1500359766, 146, 17, 21, 0, 0, 2.39%, 0, 0, 5, 3.93
1500359771, 146, 18, 21, 0, 0, 2.39%, 0, 0, 5, 3.89
1500359786, 147, 1, 21, 0, 0, 2.39%, 0, 0, 5, 3.94
1500359848, 147, 15, 21, 0, 0, 2.39%, 0, 0, 5, 3.95
1500359899, 147, 17, 21, 0, 0, 2.39%, 0, 0, 5, 3.97
1500359904, 147, 18, 21, 0, 0, 2.39%, 0, 0, 5, 3.98
1500359919, 148, 17, 21, 0, 0, 2.39%, 0, 0, 5, 4.02
1500359924, 148, 18, 21, 0, 0, 2.39%, 0, 0, 5, 3.98
1500359940, 148, 19, 21, 0, 0, 2.39%, 0, 0, 5, 3.99
1500360021, 149, 17, 21, 0, 0, 2.39%, 0, 0, 5, 3.94
1500360026, 149, 18, 21, 0, 0, 2.39%, 0, 0, 5, 3.97
1500360041, 149, 20, 21, 0, 0, 2.39%, 0, 0, 5, 3.93
1500360175, 150, 10, 21, 0, 0, 2.39%, 0, 0, 5, 3.94
1500360241, 150, 17, 21, 0, 0, 2.39%, 0, 0, 5, 4.05
1500360247, 150, 18, 21, 0, 0, 2.39%, 0, 0, 5, 4.11
1500360257, 151, 2, 21, 0, 0, 2.39%, 0, 0, 5, 4.02
1500360324, 151, 3, 21, 0, 0, 2.39%, 0, 0, 5, 3.98
1500360385, 151, 17, 21, 0, 0, 2.39%, 0, 0, 5, 3.99
1500360390, 151, 18, 21, 0, 0, 2.39%, 0, 0, 5, 3.97
1500360406, 152, 17, 21, 0, 0, 2.39%, 0, 0, 5, 3.90
1500360411, 152, 18, 21, 0, 0, 2.39%, 0, 0, 5, 3.94
1500360426, 153, 0, 21, 0, 0, 2.39%, 0, 0, 5, 3.98
1500360488, 153, 9, 21, 0, 0, 2.39%, 0, 0, 5, 3.89
1500360553, 153, 17, 21, 0, 0, 2.39%, 0, 0, 5, 3.90
1500360558, 153, 18, 21, 0, 0, 2.39%, 0, 0, 5, 3.96
1500360569, 154, 17, 21, 0, 0, 2.39%, 0, 0, 5, 3.99
1500360579, 154, 18, 21, 0, 0, 2.39%, 0, 0, 5, 3.89
1500360589, 155, 17, 21, 0, 0, 2.39%, 0, 0, 5, 3.94
1500360594, 155, 18, 21, 0, 0, 2.39%, 0, 0, 5, 3.96
1500360610, 156, 2, 21, 0, 0, 2.39%, 0, 0, 5, 3.86
1500360671, 156, 17, 21, 0, 0, 2.39%, 0, 0, 5, 3.89
1500360676, 156, 18, 21, 0, 0, 2.39%, 0, 0, 5, 3.99
1500360687, 157, 2, 21, 0, 0, 2.39%, 0, 0, 5, 3.93
1500360753, 157, 17, 21, 0, 0, 2.39%, 0, 0, 5, 3.93
1500360758, 157, 18, 21, 0, 0, 2.39%, 0, 0, 5, 3.97
1500360774, 158, 9, 21, 0, 0, 2.39%, 0, 0, 5, 3.92
1500360841, 158, 17, 21, 0, 0, 2.39%, 0, 0, 5, 3.92
1500360846, 158, 18, 21, 0, 0, 2.39%, 0, 0, 5, 3.97
1500360861, 159, 17, 21, 0, 0, 2.39%, 0, 0, 5, 3.98
1500360866, 159, 18, 21, 0, 0, 2.39%, 0, 0, 5, 3.94
1500360876, 160, 4, 21, 0, 0, 2.39%, 0, 0, 5, 3.96
1500360948, 160, 8, 21, 0, 0, 2.39%, 0, 0, 5, 3.99
1500361009, 160, 17, 21, 0, 0, 2.39%, 0, 0, 5, 4.01
1500361014, 160, 18, 21, 0, 0, 2.39%, 0, 0, 5, 3.96
1500361030, 161, 17, 21, 0, 0, 2.39%, 0, 0, 5, 3.82
1500361035, 161, 18, 21, 0, 0, 2.39%, 0, 0, 5, 3.92
1500361050, 162, 17, 21, 0, 0, 2.39%, 0, 0, 5, 3.99
1500361055, 162, 18, 21, 0, 0, 2.39%, 0, 0, 5, 3.95
1500361071, 162, 20, 21, 0, 0, 2.39%, 0, 0, 5, 3.99
1500361209, 163, 17, 21, 0, 0, 2.39%, 0, 0, 5, 3.94
1500361214, 163, 18, 21, 0, 0, 2.39%, 0, 0, 5, 4.00
1500361229, 164, 17, 21, 0, 0, 2.39%, 0, 0, 5, 3.96
1500361234, 164, 18, 21, 0, 0, 2.39%, 0, 0, 5, 4.01
1500361244, 165, 15, 21, 0, 0, 2.39%, 0, 0, 5, 3.95
1500361295, 165, 17, 21, 0, 0, 2.39%, 0, 0, 5, 4.06
1500361306, 165, 18, 21, 0, 0, 2.39%, 0, 0, 5, 3.97
1500361316, 166, 5, 21, 0, 0, 2.39%, 0, 0, 5, 3.98
1500361382, 166, 17, 21, 0, 0, 2.39%, 0, 0, 5, 3.99
1500361387, 166, 18, 21, 0, 0, 2.39%, 0, 0, 5, 3.97
1500361398, 167, 5, 21, 0, 0, 2.39%, 0, 0, 5, 4.02
1500361459, 167, 17, 21, 0, 0, 2.39%, 0, 0, 5, 4.02
1500361464, 167, 18, 21, 0, 0, 2.39%, 0, 0, 5, 3.93
1500361479, 168, 17, 21, 0, 0, 2.39%, 0, 0, 5, 3.96
1500361484, 168, 18, 21, 0, 0, 2.39%, 0, 0, 5, 3.98
1500361499, 169, 17, 21, 0, 0, 2.39%, 0, 0, 5, 4.02
1500361505, 169, 18, 21, 0, 0, 2.39%, 0, 0, 5, 3.97
1500361515, 170, 17, 21, 0, 0, 2.39%, 0, 0, 5, 3.97
1500361525, 170, 18, 21, 0, 0, 2.39%, 0, 0, 5, 4.01
1500361535, 171, 17, 21, 0, 0, 2.39%, 0, 0, 5, 3.94
1500361540, 171, 18, 21, 0, 0, 2.39%, 0, 0, 5, 3.96
1500361556, 172, 17, 21, 0, 0, 2.39%, 0, 0, 5, 4.04
1500361561, 172, 18, 21, 0, 0, 2.39%, 0, 0, 5, 3.93
1500361576, 173, 17, 21, 0, 0, 2.39%, 0, 0, 5, 4.06
1500361581, 173, 18, 21, 0, 0, 2.39%, 0, 0, 5, 4.05
1500361592, 174, 2, 21, 0, 0, 2.39%, 0, 0, 5, 3.98
1500361653, 174, 17, 21, 0, 0, 2.39%, 0, 0, 5, 3.97
1500361658, 174, 18, 21, 0, 0, 2.39%, 0, 0, 5, 3.97
1500361674, 175, 7, 21, 0, 0, 2.39%, 0, 0, 5, 3.97
1500361724, 175, 17, 21, 0, 0, 2.39%, 0, 0, 5, 3.96
1500361735, 175, 18, 21, 0, 0, 2.39%, 0, 0, 5, 3.97
1500361745, 176, 2, 21, 0, 0, 2.39%, 0, 0, 5, 3.89
1500361811, 176, 16, 21, 0, 0, 2.39%, 0, 0, 5, 4.07
1500361893, 176, 17, 21, 0, 0, 2.39%, 0, 0, 5, 3.89
1500361903, 176, 18, 21, 0, 0, 2.39%, 0, 0, 5, 3.91
1500361914, 177, 12, 21, 0, 0, 2.39%, 0, 0, 5, 3.87
1500361919, 177, 17, 21, 0, 0, 2.39%, 0, 0, 5, 3.87
1500361929, 177, 18, 21, 0, 0, 2.39%, 0, 0, 5, 3.86
1500361939, 178, 13, 21, 0, 0, 2.39%, 0, 0, 5, 3.94
1500361955, 178, 17, 21, 0, 0, 2.39%, 0, 0, 5, 3.96
1500361960, 178, 18, 21, 0, 0, 2.39%, 0, 0, 5, 3.93
1500361975, 179, 5, 21, 0, 0, 2.39%, 0, 0, 5, 4.04
1500362032, 179, 11, 21, 0, 0, 2.39%, 0, 0, 5, 3.98
1500362098, 179, 17, 21, 0, 0, 2.39%, 0, 0, 5, 3.96
1500362103, 179, 18, 21, 0, 0, 2.39%, 0, 0, 5, 3.98
1500362119, 180, 4, 21, 0, 0, 2.39%, 0, 0, 5, 3.90
1500362180, 180, 17, 21, 0, 0, 2.39%, 0, 0, 5, 3.94
1500362185, 180, 18, 21, 0, 0, 2.39%, 0, 0, 5, 3.97
1500362200, 180, 19, 21, 0, 0, 2.39%, 0, 0, 5, 3.88
1500362287, 181, 17, 21, 0, 0, 2.39%, 0, 0, 5, 4.01
1500362292, 181, 18, 21, 0, 0, 2.39%, 0, 0, 5, 3.99
1500362308, 182, 11, 21, 0, 0, 2.39%, 0, 0, 5, 4.04
1500362364, 182, 17, 21, 0, 0, 2.39%, 0, 0, 5, 4.06
1500362369, 182, 18, 21, 0, 0, 2.39%, 0, 0, 5, 4.00
1500362384, 183, 17, 21, 0, 0, 2.39%, 0, 0, 5, 3.99
1500362389, 183, 18, 21, 0, 0, 2.39%, 0, 0, 5, 3.99
1500362405, 184, 17, 21, 0, 0, 2.39%, 0, 0, 5, 4.00
1500362410, 184, 18, 21, 0, 0, 2.39%, 0, 0, 5, 3.96
1500362420, 185, 17, 21, 0, 0, 2.39%, 0, 0, 5, 3.99
1500362430, 185, 18, 21, 0, 0, 2.39%, 0, 0, 5, 4.01
1500362440, 186, 6, 21, 0, 0, 2.39%, 0, 0, 5, 3.99
1500362507, 186, 17, 21, 0, 0, 2.39%, 0, 0, 5, 3.96
1500362517, 186, 18, 21, 0, 0, 2.39%, 0, 0, 5, 4.01
1500362527, 187, 17, 21, 0, 0, 2.39%, 0, 0, 5, 3.94
1500362532, 187, 18, 21, 0, 0, 2.39%, 0, 0, 5, 3.93
1500362548, 188, 6, 21, 0, 0, 2.39%, 0, 0, 5, 4.05
1500362609, 188, 17, 21, 0, 0, 2.39%, 0, 0, 5, 3.96
1500362614, 188, 18, 21, 0, 0, 2.39%, 0, 0, 5, 3.99
1500362630, 189, 17, 21, 0, 0, 2.39%, 0, 0, 5, 4.06
1500362635, 189, 18, 21, 0, 0, 2.39%, 0, 0, 5, 4.03
1500362650, 190, 17, 21, 0, 0, 2.39%, 0, 0, 5, 3.95
1500362655, 190, 18, 21, 0, 0, 2.39%, 0, 0, 5, 3.96
1500362665, 191, 17, 21, 0, 0, 2.39%, 0, 0, 5, 3.99
1500362676, 191, 18, 21, 0, 0, 2.39%, 0, 0, 5, 4.04
1500362686, 192, 0, 21, 0, 0, 2.39%, 0, 0, 5, 3.95
1500362742, 192, 13, 21, 0, 0, 2.39%, 0, 0, 5, 3.98
1500362752, 192, 17, 21, 0, 0, 2.39%, 0, 0, 5, 3.99
1500362763, 192, 18, 21, 0, 0, 2.39%, 0, 0, 5, 3.87
1500362773, 193, 17, 21, 0, 0, 2.39%, 0, 0, 5, 3.96
1500362778, 193, 18, 21, 0, 0, 2.39%, 0, 0, 5, 4.00
1500362793, 194, 17, 21, 0, 0, 2.39%, 0, 0, 5, 4.00
1500362798, 194, 18, 21, 0, 0, 2.39%, 0, 0, 5, 3.90
1500362813, 195, 17, 21, 0, 0, 2.39%, 0, 0, 5, 3.97
1500362818, 195, 18, 21, 0, 0, 2.39%, 0, 0, 5, 4.00
1500362834, 195, 19, 21, 0, 0, 2.39%, 0, 0, 5, 4.01
1500362916, 196, 17, 21, 0, 0, 2.39%, 0, 0, 5, 3.96
1500362926, 196, 18, 21, 0, 0, 2.39%, 0, 0, 5, 3.93
1500362936, 197, 10, 21, 0, 0, 2.39%, 0, 0, 5, 3.93
1500362998, 197, 17, 21, 0, 0, 2.39%, 0, 0, 5, 3.91
1500363008, 197, 18, 21, 0, 0, 2.39%, 0, 0, 5, 3.82
1500363018, 198, 17, 21, 0, 0, 2.39%, 0, 0, 5, 3.92
1500363029, 198, 18, 21, 0, 0, 2.39%, 0, 0, 5, 3.91
1500363039, 199, 17, 21, 0, 0, 2.39%, 0, 0, 5, 3.95
1500363044, 199, 18, 21, 0, 0, 2.39%, 0, 0, 5, 4.02
1500363059, 199, 19, 21, 0, 0, 2.39%, 0, 0, 5, 3.97
1500363146, 200, 17, 21, 0, 0, 2.39%, 0, 0, 5, 4.02
1500363151, 200, 18, 21, 0, 0, 2.39%, 0, 0, 5, 4.03
1500363167, 201, 5, 21, 0, 0, 2.39%, 0, 0, 5, 4.01
1500363229, 201, 9, 21, 0, 0, 2.39%, 0, 0, 5, 3.93
1500363280, 201, 14, 21, 0, 0, 2.39%, 0, 0, 5, 3.89
1500363346, 201, 17, 21, 0, 0, 2.39%, 0, 0, 5, 4.02
1500363351, 201, 18, 21, 0, 0, 2.39%, 0, 0, 5, 3.97
1500363361, 202, 17, 21, 0, 0, 2.39%, 0, 0, 5, 4.01
1500363371, 202, 18, 21, 0, 0, 2.39%, 0, 0, 5, 3.88
1500363382, 203, 17, 21, 0, 0, 2.39%, 0, 0, 5, 3.90
1500363387, 203, 18, 21, 0, 0, 2.39%, 0, 0, 5, 4.03
1500363402, 204, 17, 21, 0, 0, 2.39%, 0, 0, 5, 3.96
1500363407, 204, 18, 21, 0, 0, 2.39%, 0, 0, 5, 4.03
1500363422, 205, 10, 21, 0, 0, 2.39%, 0, 0, 5, 4.02
1500363488, 205, 17, 21, 0, 0, 2.39%, 0, 0, 5, 3.97
1500363493, 205, 18, 21, 0, 0, 2.39%, 0, 0, 5, 4.00
1500363509, 206, 17, 21, 0, 0, 2.39%, 0, 0, 5, 4.03
1500363514, 206, 18, 21, 0, 0, 2.39%, 0, 0, 5, 4.08
1500363525, 207, 2, 21, 0, 0, 2.39%, 0, 0, 5, 3.95
1500363596, 207, 7, 21, 0, 0, 2.39%, 0, 0, 5, 3.89
1500363663, 207, 17, 21, 0, 0, 2.39%, 0, 0, 5, 3.98
1500363668, 207, 18, 21, 0, 0, 2.39%, 0, 0, 5, 3.91
1500363683, 208, 17, 21, 0, 0, 2.39%, 0, 0, 5, 4.00
1500363688, 208, 18, 21, 0, 0, 2.39%, 0, 0, 5, 4.01
1500363698, 209, 4, 21, 0, 0, 2.39%, 0, 0, 5, 3.98
1500363764, 209, 17, 21, 0, 0, 2.39%, 0, 0, 5, 3.98
1500363769, 209, 18, 21, 0, 0, 2.39%, 0, 0, 5, 4.05
1500363779, 210, 17, 21, 0, 0, 2.39%, 0, 0, 5, 3.97
1500363790, 210, 18, 21, 0, 0, 2.39%, 0, 0, 5, 3.90
1500363800, 211, 8, 21, 0, 0, 2.39%, 0, 0, 5, 3.96
1500363866, 211, 17, 21, 0, 0, 2.39%, 0, 0, 5, 4.02
1500363876, 211, 18, 21, 0, 0, 2.39%, 0, 0, 5, 3.99
1500363886, 212, 9, 21, 0, 0, 2.39%, 0, 0, 5, 4.12
1500363953, 212, 17, 21, 0, 0, 2.39%, 0, 0, 5, 4.00
1500363958, 212, 18, 21, 0, 0, 2.39%, 0, 0, 5, 3.95
1500363973, 212, 20, 21, 0, 0, 2.39%, 0, 0, 5, 3.99
1500364096, 213, 13, 21, 0, 0, 2.39%, 0, 0, 5, 3.98
1500364106, 213, 17, 21, 0, 0, 2.39%, 0, 0, 5, 4.04
1500364116, 213, 18, 21, 0, 0, 2.39%, 0, 0, 5, 3.94
1500364127, 213, 20, 21, 0, 0, 2.39%, 0, 0, 5, 3.92
1500364265, 214, 14, 21, 0, 0, 2.39%, 0, 0, 5, 3.93
1500364321, 214, 17, 21, 0, 0, 2.39%, 0, 0, 5, 3.94
1500364327, 214, 18, 21, 0, 0, 2.39%, 0, 0, 5, 3.99
1500364342, 215, 17, 21, 0, 0, 2.39%, 0, 0, 5, 3.99
1500364347, 215, 18, 21, 0, 0, 2.39%, 0, 0, 5, 3.99
1500364362, 216, 3, 21, 0, 0, 2.39%, 0, 0, 5, 4.03
1500364418, 216, 12, 21, 0, 0, 2.39%, 0, 0, 5, 3.88
1500364429, 216, 17, 21, 0, 0, 2.39%, 0, 0, 5, 4.04
1500364434, 216, 18, 21, 0, 0, 2.39%, 0, 0, 5, 4.02
1500364444, 217, 17, 21, 0, 0, 2.39%, 0, 0, 5, 3.93
1500364454, 217, 18, 21, 0, 0, 2.39%, 0, 0, 5, 4.01
1500364464, 218, 1, 21, 0, 0, 2.39%, 0, 0, 5, 3.92
1500364531, 218, 17, 21, 0, 0, 2.39%, 0, 0, 5, 4.04
1500364536, 218, 18, 21, 0, 0, 2.39%, 0, 0, 5, 3.93
1500364551, 218, 20, 21, 0, 0, 2.39%, 0, 0, 5, 4.02
1500364694, 219, 1, 21, 0, 0, 2.39%, 0, 0, 5, 4.00
1500364755, 219, 2, 21, 0, 0, 2.39%, 0, 0, 5, 3.93
1500364811, 219, 4, 21, 0, 0, 2.39%, 0, 0, 5, 3.97
1500364873, 219, 17, 21, 0, 0, 2.39%, 0, 0, 5, 4.06
1500364878, 219, 18, 21, 0, 0, 2.39%, 0, 0, 5, 3.98
1500364893, 220, 1, 21, 0, 0, 2.39%, 0, 0, 5, 3.96
1500364960, 220, 17, 21, 0, 0, 2.39%, 0, 0, 5, 3.87
1500364965, 220, 18, 21, 0, 0, 2.39%, 0, 0, 5, 3.91
1500364980, 221, 17, 21, 0, 0, 2.39%, 0, 0, 5, 3.94
1500364985, 221, 18, 21, 0, 0, 2.39%, 0, 0, 5, 3.98
1500365000, 222, 17, 21, 0, 0, 2.39%, 0, 0, 5, 3.99
1500365006, 222, 18, 21, 0, 0, 2.39%, 0, 0, 5, 3.97
1500365016, 223, 16, 21, 0, 0, 2.39%, 0, 0, 5, 4.01
1500365103, 223, 17, 21, 0, 0, 2.39%, 0, 0, 5, 4.02
1500365113, 223, 18, 21, 0, 0, 2.39%, 0, 0, 5, 4.01
1500365123, 224, 17, 21, 0, 0, 2.39%, 0, 0, 5, 3.93
1500365129, 224, 18, 21, 0, 0, 2.39%, 0, 0, 5, 3.99
1500365144, 225, 15, 21, 0, 0, 2.39%, 0, 0, 5, 3.97
1500365195, 225, 17, 21, 0, 0, 2.39%, 0, 0, 5, 3.97
1500365200, 225, 18, 21, 0, 0, 2.39%, 0, 0, 5, 4.00
1500365215, 226, 17, 21, 0, 0, 2.39%, 0, 0, 5, 4.05
1500365220, 226, 18, 21, 0, 0, 2.39%, 0, 0, 5, 3.96
1500365231, 227, 17, 21, 0, 0, 2.39%, 0, 0, 5, 3.93
1500365241, 227, 18, 21, 0, 0, 2.39%, 0, 0, 5, 3.93
1500365251, 228, 2, 21, 0, 0, 2.39%, 0, 0, 5, 3.91
1500365318, 228, 3, 21, 0, 0, 2.39%, 0, 0, 5, 3.93
1500365384, 228, 17, 21, 0, 0, 2.39%, 0, 0, 5, 3.94
1500365389, 228, 18, 21, 0, 0, 2.39%, 0, 0, 5, 3.99
1500365404, 229, 17, 21, 0, 0, 2.39%, 0, 0, 5, 3.95
1500365409, 229, 18, 21, 0, 0, 2.39%, 0, 0, 5, 3.95
1500365419, 230, 17, 21, 0, 0, 2.39%, 0, 0, 5, 4.05
1500365430, 230, 18, 21, 0, 0, 2.39%, 0, 0, 5, 4.09
1500365440, 231, 5, 21, 0, 0, 2.39%, 0, 0, 5, 3.96
1500365506, 231, 7, 21, 0, 0, 2.39%, 0, 0, 5, 3.99
1500365577, 231, 17, 21, 0, 0, 2.39%, 0, 0, 5, 3.99
1500365582, 231, 18, 21, 0, 0, 2.39%, 0, 0, 5, 3.99
1500365592, 232, 17, 21, 0, 0, 2.39%, 0, 0, 5, 3.98
1500365603, 232, 18, 21, 0, 0, 2.39%, 0, 0, 5, 3.98
1500365613, 233, 5, 21, 0, 0, 2.39%, 0, 0, 5, 3.95
1500365674, 233, 17, 21, 0, 0, 2.39%, 0, 0, 5, 4.01
1500365685, 233, 18, 21, 0, 0, 2.39%, 0, 0, 5, 3.98
1500365695, 234, 17, 21, 0, 0, 2.39%, 0, 0, 5, 3.99
1500365700, 234, 18, 21, 0, 0, 2.39%, 0, 0, 5, 3.90
1500365716, 235, 3, 21, 0, 0, 2.39%, 0, 0, 5, 3.92
1500365782, 235, 10, 21, 0, 0, 2.39%, 0, 0, 5, 3.96
1500365843, 235, 17, 21, 0, 0, 2.39%, 0, 0, 5, 3.97
1500365849, 235, 18, 21, 0, 0, 2.39%, 0, 0, 5, 4.03
1500365859, 236, 1, 21, 0, 0, 2.39%, 0, 0, 5, 3.99
1500365925, 236, 15, 21, 0, 0, 2.39%, 0, 0, 5, 4.00
1500365976, 236, 17, 21, 0, 0, 2.39%, 0, 0, 5, 3.93
1500365981, 236, 18, 21, 0, 0, 2.39%, 0, 0, 5, 3.99
1500365997, 237, 17, 21, 0, 0, 2.39%, 0, 0, 5, 4.02
1500366002, 237, 18, 21, 0, 0, 2.39%, 0, 0, 5, 3.99
1500366017, 238, 17, 21, 0, 0, 2.39%, 0, 0, 5, 4.05
1500366023, 238, 18, 21, 0, 0, 2.39%, 0, 0, 5, 3.95
1500366033, 239, 17, 21, 0, 0, 2.39%, 0, 0, 5, 4.01
1500366043, 239, 18, 21, 0, 0, 2.39%, 0, 0, 5, 3.99
1500366053, 240, 6, 21, 0, 0, 2.39%, 0, 0, 5, 3.96
1500366115, 240, 17, 21, 0, 0, 2.39%, 0, 0, 5, 3.99
1500366125, 240, 18, 21, 0, 0, 2.39%, 0, 0, 5, 4.01
1500366135, 241, 17, 21, 0, 0, 2.39%, 0, 0, 5, 3.97
1500366140, 241, 18, 21, 0, 0, 2.39%, 0, 0, 5, 3.96
1500366155, 242, 17, 21, 0, 0, 2.39%, 0, 0, 5, 3.97
1500366160, 242, 18, 21, 0, 0, 2.39%, 0, 0, 5, 3.91
1500366176, 243, 4, 21, 0, 0, 2.39%, 0, 0, 5, 3.91
1500366237, 243, 17, 21, 0, 0, 2.39%, 0, 0, 5, 3.99
1500366242, 243, 18, 21, 0, 0, 2.39%, 0, 0, 5, 4.01
1500366258, 244, 8, 21, 0, 0, 2.39%, 0, 0, 5, 4.04
1500366314, 244, 17, 21, 0, 0, 2.39%, 0, 0, 5, 3.98
1500366319, 244, 18, 21, 0, 0, 2.39%, 0, 0, 5, 3.95
1500366329, 245, 17, 21, 0, 0, 2.39%, 0, 0, 5, 3.99
1500366334, 245, 18, 21, 0, 0, 2.39%, 0, 0, 5, 3.97
1500366350, 246, 17, 21, 0, 0, 2.39%, 0, 0, 5, 4.03
1500366355, 246, 18, 21, 0, 0, 2.39%, 0, 0, 5, 3.96
1500366370, 247, 17, 21, 0, 0, 2.39%, 0, 0, 5, 3.93
1500366376, 247, 18, 21, 0, 0, 2.39%, 0, 0, 5, 3.89
1500366391, 248, 17, 21, 0, 0, 2.39%, 0, 0, 5, 4.00
1500366396, 248, 18, 21, 0, 0, 2.39%, 0, 0, 5, 3.99
1500366406, 249, 0, 21, 0, 0, 2.39%, 0, 0, 5, 4.00
1500366477, 249, 17, 21, 0, 0, 2.39%, 0, 0, 5, 4.00
1500366482, 249, 18, 21, 0, 0, 2.39%, 0, 0, 5, 3.99
1500366493, 250, 10, 21, 0, 0, 2.39%, 0, 0, 5, 4.00
1500366559, 250, 17, 21, 0, 0, 2.39%, 0, 0, 5, 3.96
1500366570, 250, 18, 21, 0, 0, 2.39%, 0, 0, 5, 4.09
1500366580, 251, 17, 21, 0, 0, 2.39%, 0, 0, 5, 3.99
1500366585, 251, 18, 21, 0, 0, 2.39%, 0, 0, 5, 3.93
1500366601, 252, 7, 21, 0, 0, 2.39%, 0, 0, 5, 4.02
1500366668, 252, 17, 21, 0, 0, 2.39%, 0, 0, 5, 3.87
1500366673, 252, 18, 21, 0, 0, 2.39%, 0, 0, 5, 3.95
1500366688, 253, 9, 21, 0, 0, 2.39%, 0, 0, 5, 3.97
1500366745, 253, 17, 21, 0, 0, 2.39%, 0, 0, 5, 4.01
1500366750, 253, 18, 21, 0, 0, 2.39%, 0, 0, 5, 3.98
1500366765, 254, 17, 21, 0, 0, 2.39%, 0, 0, 5, 4.05
1500366770, 254, 18, 21, 0, 0, 2.39%, 0, 0, 5, 4.21
1500366786, 254, 20, 21, 0, 0, 2.39%, 0, 0, 5, 4.00
1500366925, 255, 8, 21, 0, 0, 2.39%, 0, 0, 5, 3.96
1500366986, 255, 17, 21, 0, 0, 2.39%, 0, 0, 5, 4.00
1500366991, 255, 18, 21, 0, 0, 2.39%, 0, 0, 5, 4.04
1500367007, 256, 14, 21, 0, 0, 2.39%, 0, 0, 5, 3.95
1500367073, 256, 17, 21, 0, 0, 2.39%, 0, 0, 5, 3.97
1500367078, 256, 18, 21, 0, 0, 2.39%, 0, 0, 5, 3.99
1500367093, 257, 11, 21, 0, 0, 2.39%, 0, 0, 5, 3.94
1500367159, 257, 17, 21, 0, 0, 2.39%, 0, 0, 5, 3.99
1500367164, 257, 18, 21, 0, 0, 2.39%, 0, 0, 5, 4.01
1500367179, 258, 17, 21, 0, 0, 2.39%, 0, 0, 5, 3.95
1500367185, 258, 18, 21, 0, 0, 2.39%, 0, 0, 5, 4.00
1500367200, 259, 10, 21, 0, 0, 2.39%, 0, 0, 5, 3.92
1500367262, 259, 16, 21, 0, 0, 2.39%, 0, 0, 5, 4.01
1500367333, 259, 17, 21, 0, 0, 2.39%, 0, 0, 5, 3.99
1500367339, 259, 18, 21, 0, 0, 2.39%, 0, 0, 5, 4.04
1500367349, 260, 17, 21, 0, 0, 2.39%, 0, 0, 5, 4.01
1500367359, 260, 18, 21, 0, 0, 2.39%, 0, 0, 5, 3.99
1500367369, 261, 5, 21, 0, 0, 2.39%, 0, 0, 5, 3.99
1500367430, 261, 17, 21, 0, 0, 2.39%, 0, 0, 5, 3.99
1500367441, 261, 18, 21, 0, 0, 2.39%, 0, 0, 5, 4.02
1500367451, 262, 0, 21, 0, 0, 2.39%, 0, 0, 5, 3.98
1500367517, 262, 2, 21, 0, 0, 2.39%, 0, 0, 5, 3.99
1500367579, 262, 7, 21, 0, 0, 2.39%, 0, 0, 5, 3.99
1500367645, 262, 17, 21, 0, 0, 2.39%, 0, 0, 5, 4.03
1500367655, 262, 18, 21, 0, 0, 2.39%, 0, 0, 5, 3.97
1500367666, 263, 1, 21, 0, 0, 2.39%, 0, 0, 5, 3.89
1500367732, 263, 7, 21, 0, 0, 2.39%, 0, 0, 5, 4.04
1500367794, 263, 17, 21, 0, 0, 2.39%, 0, 0, 5, 4.01
1500367799, 263, 18, 21, 0, 0, 2.39%, 0, 0, 5, 3.99
1500367814, 264, 17, 21, 0, 0, 2.39%, 0, 0, 5, 3.93
1500367820, 264, 18, 21, 0, 0, 2.39%, 0, 0, 5, 4.04
1500367830, 265, 2, 21, 0, 0, 2.39%, 0, 0, 5, 3.96
1500367901, 265, 17, 21, 0, 0, 2.39%, 0, 0, 5, 3.90
1500367906, 265, 18, 21, 0, 0, 2.39%, 0, 0, 5, 4.12
1500367917, 265, 19, 21, 0, 0, 2.39%, 0, 0, 5, 3.99
1500368003, 266, 2, 21, 0, 0, 2.39%, 0, 0, 5, 3.95
1500368070, 266, 13, 21, 0, 0, 2.39%, 0, 0, 5, 3.96
1500368080, 266, 17, 21, 0, 0, 2.39%, 0, 0, 5, 4.01
1500368090, 266, 18, 21, 0, 0, 2.39%, 0, 0, 5, 3.96
1500368100, 267, 17, 21, 0, 0, 2.39%, 0, 0, 5, 3.97
1500368105, 267, 18, 21, 0, 0, 2.39%, 0, 0, 5, 3.98
1500368120, 267, 20, 21, 0, 0, 2.39%, 0, 0, 5, 3.99
1500368268, 268, 2, 21, 0, 0, 2.39%, 0, 0, 5, 4.00
1500368335, 268, 17, 21, 0, 0, 2.39%, 0, 0, 5, 3.97
1500368340, 268, 18, 21, 0, 0, 2.39%, 0, 0, 5, 3.98
1500368355, 269, 17, 21, 0, 0, 2.39%, 0, 0, 5, 3.88
1500368360, 269, 18, 21, 0, 0, 2.39%, 0, 0, 5, 3.96
1500368370, 270, 0, 21, 0, 0, 2.39%, 0, 0, 5, 3.92
1500368437, 270, 15, 21, 0, 0, 2.39%, 0, 0, 5, 3.99
1500368488, 270, 17, 21, 0, 0, 2.39%, 0, 0, 5, 3.94
1500368493, 270, 18, 21, 0, 0, 2.39%, 0, 0, 5, 3.96
1500368508, 270, 19, 21, 0, 0, 2.39%, 0, 0, 5, 3.96
1500368590, 271, 4, 21, 0, 0, 2.39%, 0, 0, 5, 4.00
1500368657, 271, 7, 21, 0, 0, 2.39%, 0, 0, 5, 3.93
1500368723, 271, 17, 21, 0, 0, 2.39%, 0, 0, 5, 3.92
1500368728, 271, 18, 21, 0, 0, 2.39%, 0, 0, 5, 3.94
1500368744, 272, 17, 21, 0, 0, 2.39%, 0, 0, 5, 3.95
1500368749, 272, 18, 21, 0, 0, 2.39%, 0, 0, 5, 3.92
1500368764, 273, 17, 21, 0, 0, 2.39%, 0, 0, 5, 4.04
1500368769, 273, 18, 21, 0, 0, 2.39%, 0, 0, 5, 3.95
1500368785, 274, 17, 21, 0, 0, 2.39%, 0, 0, 5, 3.94
1500368790, 274, 18, 21, 0, 0, 2.39%, 0, 0, 5, 3.82
1500368800, 275, 17, 21, 0, 0, 2.39%, 0, 0, 5, 3.93
1500368811, 275, 18, 21, 0, 0, 2.39%, 0, 0, 5, 3.98
1500368821, 276, 17, 21, 0, 0, 2.39%, 0, 0, 5, 3.97
1500368826, 276, 18, 21, 0, 0, 2.39%, 0, 0, 5, 4.00
1500368841, 277, 3, 21, 0, 0, 2.39%, 0, 0, 5, 4.02
1500368907, 277, 17, 21, 0, 0, 2.39%, 0, 0, 5, 3.98
1500368913, 277, 18, 21, 0, 0, 2.39%, 0, 0, 5, 3.93
1500368928, 278, 17, 21, 0, 0, 2.39%, 0, 0, 5, 3.90
1500368933, 278, 18, 21, 0, 0, 2.39%, 0, 0, 5, 3.98
1500368949, 279, 2, 21, 0, 0, 2.39%, 0, 0, 5, 3.92
1500369015, 279, 11, 21, 0, 0, 2.39%, 0, 0, 5, 4.07
1500369082, 279, 17, 21, 0, 0, 2.39%, 0, 0, 5, 3.94
1500369087, 279, 18, 21, 0, 0, 2.39%, 0, 0, 5, 3.90
1500369103, 279, 19, 21, 0, 0, 2.39%, 0, 0, 5, 4.00
1500369184, 280, 6, 21, 0, 0, 2.39%, 0, 0, 5, 4.00
1500369220, 280, 6, 22, 1, 0, 2.39%, 0, 0, 5, 3.88
1500369255, 280, 17, 22, 1, 0, 2.39%, 0, 0, 5, 3.92
1500369260, 280, 18, 22, 1, 0, 2.39%, 0, 0, 5, 3.96
1500369271, 281, 15, 22, 1, 0, 2.39%, 0, 0, 5, 3.97
1500369322, 281, 17, 22, 1, 0, 2.39%, 0, 0, 5, 3.91
1500369332, 281, 18, 22, 1, 0, 2.39%, 0, 0, 5, 3.99
1500369342, 282, 0, 22, 1, 0, 2.39%, 0, 0, 5, 4.01
1500369409, 282, 7, 22, 1, 0, 2.39%, 0, 0, 5, 4.04
1500369475, 282, 17, 22, 1, 0, 2.39%, 0, 0, 5, 3.96
1500369480, 282, 18, 22, 1, 0, 2.39%, 0, 0, 5, 4.07
1500369486, 282, 18, 23, 2, 0, 2.39%, 0, 0, 5, 4.07
1500369506, 282, 21, 23, 2, 0, 2.39%, 0, 0, 5, 3.98
1500369618, 283, 8, 23, 1, 0, 2.39%, 0, 0, 5, 4.01
1500369675, 283, 17, 23, 1, 0, 2.39%, 0, 0, 5, 3.94
1500369680, 283, 18, 23, 1, 0, 2.39%, 0, 0, 5, 3.98
1500369690, 284, 2, 23, 1, 0, 2.39%, 0, 0, 5, 4.08
1500369746, 284, 17, 23, 1, 0, 2.39%, 0, 0, 5, 3.99
1500369751, 284, 18, 23, 1, 0, 2.39%, 0, 0, 5, 3.93
1500369767, 285, 5, 23, 1, 0, 2.39%, 0, 0, 5, 3.94
1500369833, 285, 13, 23, 1, 0, 2.39%, 0, 0, 5, 3.97
1500369844, 285, 17, 23, 1, 0, 2.39%, 0, 0, 5, 3.96
1500369854, 285, 18, 23, 1, 0, 2.39%, 0, 0, 5, 3.92
1500369864, 286, 6, 23, 1, 0, 2.39%, 0, 0, 5, 3.88
1500369926, 286, 14, 23, 1, 0, 2.39%, 0, 0, 5, 3.95
1500369972, 286, 16, 23, 1, 0, 2.39%, 0, 0, 5, 4.05
1500370059, 286, 17, 23, 1, 0, 2.39%, 0, 0, 5, 3.93
1500370064, 286, 18, 23, 1, 0, 2.39%, 0, 0, 5, 4.00
1500370074, 286, 19, 23, 1, 0, 2.39%, 0, 0, 5, 3.98
1500370161, 286, 22, 23, 1, 0, 2.39%, 0, 0, 5, 4.01
1500370294, 287, 17, 23, 0, 0, 2.39%, 0, 0, 5, 4.14
1500370305, 287, 18, 23, 0, 0, 2.39%, 0, 0, 5, 3.93
1500370315, 288, 17, 23, 0, 0, 2.39%, 0, 0, 5, 4.04
1500370320, 288, 18, 23, 0, 0, 2.39%, 0, 0, 5, 4.01
1500370335, 289, 17, 23, 0, 0, 2.39%, 0, 0, 5, 3.97
1500370341, 289, 18, 23, 0, 0, 2.39%, 0, 0, 5, 4.11
1500370356, 290, 14, 23, 0, 0, 2.39%, 0, 0, 5, 3.96
1500370407, 290, 17, 23, 0, 0, 2.39%, 0, 0, 5, 4.01
1500370412, 290, 18, 23, 0, 0, 2.39%, 0, 0, 5, 3.97
1500370422, 290, 19, 23, 0, 0, 2.39%, 0, 0, 5, 4.00
1500370499, 291, 17, 23, 0, 0, 2.39%, 0, 0, 5, 3.94
1500370504, 291, 18, 23, 0, 0, 2.39%, 0, 0, 5, 3.95
1500370520, 292, 17, 23, 0, 0, 2.39%, 0, 0, 5, 3.95
1500370525, 292, 18, 23, 0, 0, 2.39%, 0, 0, 5, 3.93
1500370535, 293, 8, 23, 0, 0, 2.39%, 0, 0, 5, 3.92
1500370607, 293, 10, 23, 0, 0, 2.39%, 0, 0, 5, 3.92
1500370674, 293, 17, 23, 0, 0, 2.39%, 0, 0, 5, 3.99
1500370679, 293, 18, 23, 0, 0, 2.39%, 0, 0, 5, 3.96
1500370694, 294, 17, 23, 0, 0, 2.39%, 0, 0, 5, 3.85
1500370699, 294, 18, 23, 0, 0, 2.39%, 0, 0, 5, 4.02
1500370710, 295, 17, 23, 0, 0, 2.39%, 0, 0, 5, 3.96
1500370720, 295, 18, 23, 0, 0, 2.39%, 0, 0, 5, 3.97
1500370730, 296, 14, 23, 0, 0, 2.39%, 0, 0, 5, 3.96
1500370787, 296, 17, 23, 0, 0, 2.39%, 0, 0, 5, 4.03
1500370792, 296, 18, 23, 0, 0, 2.39%, 0, 0, 5, 3.98
1500370807, 297, 14, 23, 0, 0, 2.39%, 0, 0, 5, 3.92
1500370863, 297, 15, 23, 0, 0, 2.39%, 0, 0, 5, 3.97
1500370914, 297, 17, 23, 0, 0, 2.39%, 0, 0, 5, 3.92
1500370924, 297, 18, 23, 0, 0, 2.39%, 0, 0, 5, 3.96
1500370934, 298, 6, 23, 0, 0, 2.39%, 0, 0, 5, 4.00
1500371001, 298, 8, 23, 0, 0, 2.39%, 0, 0, 5, 4.07
1500371067, 298, 17, 23, 0, 0, 2.39%, 0, 0, 5, 3.97
1500371077, 298, 18, 23, 0, 0, 2.39%, 0, 0, 5, 3.90
1500371087, 299, 7, 23, 0, 0, 2.39%, 0, 0, 5, 3.97
1500371154, 299, 17, 23, 0, 0, 2.39%, 0, 0, 5, 3.95
1500371159, 299, 18, 23, 0, 0, 2.39%, 0, 0, 5, 4.01
1500371174, 300, 0, 23, 0, 0, 2.39%, 0, 0, 5, 3.96
1500371241, 300, 2, 23, 0, 0, 2.39%, 0, 0, 5, 4.06
1500371292, 300, 14, 23, 0, 0, 2.39%, 0, 0, 5, 3.95
1500371353, 300, 17, 23, 0, 0, 2.39%, 0, 0, 5, 3.97
1500371358, 300, 18, 23, 0, 0, 2.39%, 0, 0, 5, 4.00
1500371368, 301, 15, 23, 0, 0, 2.39%, 0, 0, 5, 4.00
1500371419, 301, 17, 23, 0, 0, 2.39%, 0, 0, 5, 4.05
1500371429, 301, 18, 23, 0, 0, 2.39%, 0, 0, 5, 4.03
1500371439, 302, 6, 23, 0, 0, 2.39%, 0, 0, 5, 3.95
1500371495, 302, 17, 23, 0, 0, 2.39%, 0, 0, 5, 4.04
1500371501, 302, 18, 23, 0, 0, 2.39%, 0, 0, 5, 3.96
1500371516, 302, 22, 23, 0, 0, 2.39%, 0, 0, 5, 3.98
1500371664, 303, 4, 23, 0, 0, 2.39%, 0, 0, 5, 3.99
1500371720, 303, 9, 23, 0, 0, 2.39%, 0, 0, 5, 3.92
1500371782, 303, 17, 23, 0, 0, 2.39%, 0, 0, 5, 3.95
1500371787, 303, 18, 23, 0, 0, 2.39%, 0, 0, 5, 3.99
1500371797, 304, 2, 23, 0, 0, 2.39%, 0, 0, 5, 3.99
1500371864, 304, 17, 23, 0, 0, 2.39%, 0, 0, 5, 3.97
1500371869, 304, 18, 23, 0, 0, 2.39%, 0, 0, 5, 3.97
1500371879, 305, 6, 23, 0, 0, 2.39%, 0, 0, 5, 4.06
1500371945, 305, 17, 23, 0, 0, 2.39%, 0, 0, 5, 4.09
1500371950, 305, 18, 23, 0, 0, 2.39%, 0, 0, 5, 3.97
1500371966, 306, 17, 23, 0, 0, 2.39%, 0, 0, 5, 3.95
1500371971, 306, 18, 23, 0, 0, 2.39%, 0, 0, 5, 3.94
1500371981, 307, 6, 23, 0, 0, 2.39%, 0, 0, 5, 3.98
1500372052, 307, 17, 23, 0, 0, 2.39%, 0, 0, 5, 3.96
1500372057, 307, 18, 23, 0, 0, 2.39%, 0, 0, 5, 3.90
1500372067, 308, 7, 23, 0, 0, 2.39%, 0, 0, 5, 3.96
1500372134, 308, 17, 23, 0, 0, 2.39%, 0, 0, 5, 4.09
1500372139, 308, 18, 23, 0, 0, 2.39%, 0, 0, 5, 4.00
1500372149, 309, 17, 23, 0, 0, 2.39%, 0, 0, 5, 4.01
1500372159, 309, 18, 23, 0, 0, 2.39%, 0, 0, 5, 3.85
1500372170, 310, 17, 23, 0, 0, 2.39%, 0, 0, 5, 3.96
1500372180, 310, 18, 23, 0, 0, 2.39%, 0, 0, 5, 3.96
1500372190, 311, 6, 23, 0, 0, 2.39%, 0, 0, 5, 3.85
1500372251, 311, 17, 23, 0, 0, 2.39%, 0, 0, 5, 3.92
1500372262, 311, 18, 23, 0, 0, 2.39%, 0, 0, 5, 3.94
1500372272, 312, 3, 23, 0, 0, 2.39%, 0, 0, 5, 3.92
1500372338, 312, 15, 23, 0, 0, 2.39%, 0, 0, 5, 3.93
1500372348, 312, 17, 23, 0, 0, 2.39%, 0, 0, 5, 3.99
1500372353, 312, 18, 23, 0, 0, 2.39%, 0, 0, 5, 3.98
1500372368, 313, 17, 23, 0, 0, 2.39%, 0, 0, 5, 3.94
1500372374, 313, 18, 23, 0, 0, 2.39%, 0, 0, 5, 4.07
1500372389, 314, 6, 23, 0, 0, 2.39%, 0, 0, 5, 4.01
1500372455, 314, 15, 23, 0, 0, 2.39%, 0, 0, 5, 4.16
1500372465, 314, 17, 23, 0, 0, 2.39%, 0, 0, 5, 4.01
1500372476, 314, 18, 23, 0, 0, 2.39%, 0, 0, 5, 4.03
1500372486, 314, 19, 23, 0, 0, 2.39%, 0, 0, 5, 4.02
1500372568, 315, 17, 23, 0, 0, 2.39%, 0, 0, 5, 3.97
1500372578, 315, 18, 23, 0, 0, 2.39%, 0, 0, 5, 3.90
1500372588, 316, 14, 23, 0, 0, 2.39%, 0, 0, 5, 3.96
1500372644, 316, 17, 23, 0, 0, 2.39%, 0, 0, 5, 3.93
1500372649, 316, 18, 23, 0, 0, 2.39%, 0, 0, 5, 3.97
1500372665, 317, 7, 23, 0, 0, 2.39%, 0, 0, 5, 3.98
1500372731, 317, 17, 23, 0, 0, 2.39%, 0, 0, 5, 3.91
1500372736, 317, 18, 23, 0, 0, 2.39%, 0, 0, 5, 3.95
1500372751, 318, 1, 23, 0, 0, 2.39%, 0, 0, 5, 3.99
1500372818, 318, 7, 23, 0, 0, 2.39%, 0, 0, 5, 3.90
1500372885, 318, 17, 23, 0, 0, 2.39%, 0, 0, 5, 4.08
1500372890, 318, 18, 23, 0, 0, 2.39%, 0, 0, 5, 4.01
1500372905, 319, 3, 23, 0, 0, 2.39%, 0, 0, 5, 3.96
1500372910, 319, 3, 24, 1, 0, 2.39%, 0, 0, 5, 4.01
1500372981, 319, 17, 24, 1, 0, 2.39%, 0, 0, 5, 3.98
1500372986, 319, 18, 24, 1, 0, 2.39%, 0, 0, 5, 3.98
1500372997, 320, 17, 24, 1, 0, 2.39%, 0, 0, 5, 3.90
1500373007, 320, 18, 24, 1, 0, 2.39%, 0, 0, 5, 3.96
1500373017, 321, 4, 24, 1, 0, 2.39%, 0, 0, 5, 4.00
1500373083, 321, 17, 24, 1, 0, 2.39%, 0, 0, 5, 3.97
1500373088, 321, 18, 24, 1, 0, 2.39%, 0, 0, 5, 4.02
1500373099, 322, 17, 24, 1, 0, 2.39%, 0, 0, 5, 4.00
1500373109, 322, 18, 24, 1, 0, 2.39%, 0, 0, 5, 4.07
1500373119, 322, 23, 24, 1, 0, 2.39%, 0, 0, 5, 3.91
1500373216, 323, 17, 24, 0, 0, 2.39%, 0, 0, 5, 4.07
1500373222, 323, 18, 24, 0, 0, 2.39%, 0, 0, 5, 4.03
1500373232, 324, 9, 24, 0, 0, 2.39%, 0, 0, 5, 3.94
1500373293, 324, 17, 24, 0, 0, 2.39%, 0, 0, 5, 3.96
1500373298, 324, 18, 24, 0, 0, 2.39%, 0, 0, 5, 3.95
1500373313, 324, 19, 24, 0, 0, 2.39%, 0, 0, 5, 4.08
1500373395, 325, 10, 24, 0, 0, 2.39%, 0, 0, 5, 3.97
1500373462, 325, 17, 24, 0, 0, 2.39%, 0, 0, 5, 3.91
1500373467, 325, 18, 24, 0, 0, 2.39%, 0, 0, 5, 3.93
1500373482, 326, 16, 24, 0, 0, 2.39%, 0, 0, 5, 3.94
1500373569, 326, 17, 24, 0, 0, 2.39%, 0, 0, 5, 3.99
1500373574, 326, 18, 24, 0, 0, 2.39%, 0, 0, 5, 3.94
1500373589, 327, 10, 24, 0, 0, 2.39%, 0, 0, 5, 3.99
1500373650, 327, 17, 24, 0, 0, 2.39%, 0, 0, 5, 4.01
1500373656, 327, 18, 24, 0, 0, 2.39%, 0, 0, 5, 3.98
1500373671, 328, 3, 24, 0, 0, 2.39%, 0, 0, 5, 4.02
1500373732, 328, 17, 24, 0, 0, 2.39%, 0, 0, 5, 3.93
1500373737, 328, 18, 24, 0, 0, 2.39%, 0, 0, 5, 3.96
1500373753, 328, 20, 24, 0, 0, 2.39%, 0, 0, 5, 3.96
1500373896, 329, 3, 24, 0, 0, 2.39%, 0, 0, 5, 4.04
1500373963, 329, 17, 24, 0, 0, 2.39%, 0, 0, 5, 3.91
1500373973, 329, 18, 24, 0, 0, 2.39%, 0, 0, 5, 4.01
1500373983, 330, 6, 24, 0, 0, 2.39%, 0, 0, 5, 3.98
1500374049, 330, 17, 24, 0, 0, 2.39%, 0, 0, 5, 3.99
1500374059, 330, 18, 24, 0, 0, 2.39%, 0, 0, 5, 4.03
1500374070, 331, 17, 24, 0, 0, 2.39%, 0, 0, 5, 4.01
1500374075, 331, 18, 24, 0, 0, 2.39%, 0, 0, 5, 3.94
1500374090, 332, 4, 24, 0, 0, 2.39%, 0, 0, 5, 3.96
1500374152, 332, 17, 24, 0, 0, 2.39%, 0, 0, 5, 3.98
1500374157, 332, 18, 24, 0, 0, 2.39%, 0, 0, 5, 3.93
1500374172, 333, 10, 24, 0, 0, 2.39%, 0, 0, 5, 3.93
1500374239, 333, 17, 24, 0, 0, 2.39%, 0, 0, 5, 3.98
1500374244, 333, 18, 24, 0, 0, 2.39%, 0, 0, 5, 4.00
1500374259, 334, 4, 24, 0, 0, 2.39%, 0, 0, 5, 3.94
1500374326, 334, 17, 24, 0, 0, 2.39%, 0, 0, 5, 3.95
1500374331, 334, 18, 24, 0, 0, 2.39%, 0, 0, 5, 3.98
1500374346, 334, 20, 24, 0, 0, 2.39%, 0, 0, 5, 4.00
1500374489, 335, 6, 24, 0, 0, 2.39%, 0, 0, 5, 3.92
1500374550, 335, 9, 24, 0, 0, 2.39%, 0, 0, 5, 3.94
1500374611, 335, 17, 24, 0, 0, 2.39%, 0, 0, 5, 4.00
1500374616, 335, 18, 24, 0, 0, 2.39%, 0, 0, 5, 3.88
1500374626, 336, 17, 24, 0, 0, 2.39%, 0, 0, 5, 3.93
1500374636, 336, 18, 24, 0, 0, 2.39%, 0, 0, 5, 3.98
1500374646, 336, 23, 24, 0, 0, 2.39%, 0, 0, 5, 3.97
1500374723, 337, 17, 24, 0, 0, 2.39%, 0, 0, 5, 3.94
1500374728, 337, 18, 24, 0, 0, 2.39%, 0, 0, 5, 3.94
1500374744, 337, 20, 24, 0, 0, 2.39%, 0, 0, 5, 3.97
1500374887, 338, 12, 24, 0, 0, 2.39%, 0, 0, 5, 3.99
1500374897, 338, 17, 24, 0, 0, 2.39%, 0, 0, 5, 3.92
1500374902, 338, 18, 24, 0, 0, 2.39%, 0, 0, 5, 3.95
1500374917, 338, 22, 24, 0, 0, 2.39%, 0, 0, 5, 3.82
1500375056, 339, 6, 24, 0, 0, 2.39%, 0, 0, 5, 3.94
1500375117, 339, 17, 24, 0, 0, 2.39%, 0, 0, 5, 3.96
1500375127, 339, 18, 24, 0, 0, 2.39%, 0, 0, 5, 3.97
1500375137, 340, 17, 24, 0, 0, 2.39%, 0, 0, 5, 3.95
1500375147, 340, 18, 24, 0, 0, 2.39%, 0, 0, 5, 4.00
1500375157, 341, 3, 24, 0, 0, 2.39%, 0, 0, 5, 3.91
1500375219, 341, 17, 24, 0, 0, 2.39%, 0, 0, 5, 3.96
1500375229, 341, 18, 24, 0, 0, 2.39%, 0, 0, 5, 3.96
1500375239, 342, 17, 24, 0, 0, 2.39%, 0, 0, 5, 3.98
1500375244, 342, 18, 24, 0, 0, 2.39%, 0, 0, 5, 4.11
1500375259, 342, 19, 24, 0, 0, 2.39%, 0, 0, 5, 3.98
1500375347, 343, 5, 24, 0, 0, 2.39%, 0, 0, 5, 3.87
1500375413, 343, 10, 24, 0, 0, 2.39%, 0, 0, 5, 3.99
1500375479, 343, 17, 24, 0, 0, 2.39%, 0, 0, 5, 4.07
1500375484, 343, 18, 24, 0, 0, 2.39%, 0, 0, 5, 4.04
1500375494, 344, 17, 24, 0, 0, 2.39%, 0, 0, 5, 3.94
1500375505, 344, 18, 24, 0, 0, 2.39%, 0, 0, 5, 3.94
1500375515, 345, 0, 24, 0, 0, 2.39%, 0, 0, 5, 4.01
1500375581, 345, 17, 24, 0, 0, 2.39%, 0, 0, 5, 4.01
1500375586, 345, 18, 24, 0, 0, 2.39%, 0, 0, 5, 4.02
1500375602, 346, 1, 24, 0, 0, 2.39%, 0, 0, 5, 4.02
1500375668, 346, 17, 24, 0, 0, 2.39%, 0, 0, 5, 3.94
1500375673, 346, 18, 24, 0, 0, 2.39%, 0, 0, 5, 3.98
1500375688, 347, 4, 24, 0, 0, 2.39%, 0, 0, 5, 4.00
1500375745, 347, 17, 24, 0, 0, 2.39%, 0, 0, 5, 3.98
1500375755, 347, 18, 24, 0, 0, 2.39%, 0, 0, 5, 3.98
1500375765, 348, 17, 24, 0, 0, 2.39%, 0, 0, 5, 4.00
1500375770, 348, 18, 24, 0, 0, 2.39%, 0, 0, 5, 3.96
1500375785, 348, 19, 24, 0, 0, 2.39%, 0, 0, 5, 3.97
1500375867, 349, 16, 24, 0, 0, 2.39%, 0, 0, 5, 4.06
1500375954, 349, 17, 24, 0, 0, 2.39%, 0, 0, 5, 3.93
1500375959, 349, 18, 24, 0, 0, 2.39%, 0, 0, 5, 4.16
1500375974, 350, 14, 24, 0, 0, 2.39%, 0, 0, 5, 3.97
1500376031, 350, 17, 24, 0, 0, 2.39%, 0, 0, 5, 3.95
1500376036, 350, 18, 24, 0, 0, 2.39%, 0, 0, 5, 4.04
1500376046, 350, 21, 24, 0, 0, 2.39%, 0, 0, 5, 3.97
1500376128, 351, 7, 24, 0, 0, 2.39%, 0, 0, 5, 3.97
1500376189, 351, 17, 24, 0, 0, 2.39%, 0, 0, 5, 4.03
1500376194, 351, 18, 24, 0, 0, 2.39%, 0, 0, 5, 3.99
1500376209, 352, 2, 24, 0, 0, 2.39%, 0, 0, 5, 3.85
1500376271, 352, 7, 24, 0, 0, 2.39%, 0, 0, 5, 3.84
1500376332, 352, 17, 24, 0, 0, 2.39%, 0, 0, 5, 3.95
1500376337, 352, 18, 24, 0, 0, 2.39%, 0, 0, 5, 4.03
1500376347, 353, 2, 24, 0, 0, 2.39%, 0, 0, 5, 3.93
1500376419, 353, 3, 24, 0, 0, 2.39%, 0, 0, 5, 4.00
1500376480, 353, 6, 24, 0, 0, 2.39%, 0, 0, 5, 3.86
1500376547, 353, 17, 24, 0, 0, 2.39%, 0, 0, 5, 3.92
1500376552, 353, 18, 24, 0, 0, 2.39%, 0, 0, 5, 4.02
1500376567, 354, 12, 24, 0, 0, 2.39%, 0, 0, 5, 3.93
1500376572, 354, 17, 24, 0, 0, 2.39%, 0, 0, 5, 3.94
1500376577, 354, 18, 24, 0, 0, 2.39%, 0, 0, 5, 4.02
1500376593, 355, 4, 24, 0, 0, 2.39%, 0, 0, 5, 3.94
1500376659, 355, 6, 24, 0, 0, 2.39%, 0, 0, 5, 3.96
1500376726, 355, 17, 24, 0, 0, 2.39%, 0, 0, 5, 3.99
1500376731, 355, 18, 24, 0, 0, 2.39%, 0, 0, 5, 3.97
1500376746, 356, 17, 24, 0, 0, 2.39%, 0, 0, 5, 3.96
1500376752, 356, 18, 24, 0, 0, 2.39%, 0, 0, 5, 3.91
1500376767, 356, 23, 24, 0, 0, 2.39%, 0, 0, 5, 3.99
1500376850, 357, 7, 24, 0, 0, 2.39%, 0, 0, 5, 3.95
1500376906, 357, 17, 24, 0, 0, 2.39%, 0, 0, 5, 4.02
1500376916, 357, 18, 24, 0, 0, 2.39%, 0, 0, 5, 3.94
1500376926, 358, 4, 24, 0, 0, 2.39%, 0, 0, 5, 3.97
1500376977, 358, 4, 25, 1, 0, 2.39%, 0, 0, 5, 4.00
1500376997, 358, 17, 25, 1, 0, 2.39%, 0, 0, 5, 4.01
1500377002, 358, 18, 25, 1, 0, 2.39%, 0, 0, 5, 4.04
1500377013, 358, 24, 25, 1, 0, 2.39%, 0, 0, 5, 3.93
1500377049, 358, 24, 26, 2, 0, 2.39%, 0, 0, 5, 3.87
1500377104, 358, 25, 26, 1, 0, 2.39%, 0, 0, 5, 3.96
1500377723, 359, 17, 26, 0, 0, 2.39%, 0, 0, 5, 3.95
1500377728, 359, 18, 26, 0, 0, 2.39%, 0, 0, 5, 3.97
1500377743, 360, 17, 26, 0, 0, 2.39%, 0, 0, 5, 3.98
1500377748, 360, 18, 26, 0, 0, 2.39%, 0, 0, 5, 3.96
1500377763, 360, 21, 26, 0, 0, 2.39%, 0, 0, 5, 3.97
1500377846, 361, 17, 26, 0, 0, 2.39%, 0, 0, 5, 3.99
1500377856, 361, 18, 26, 0, 0, 2.39%, 0, 0, 5, 3.94
1500377866, 362, 14, 26, 0, 0, 2.39%, 0, 0, 5, 3.91
1500377927, 362, 17, 26, 0, 0, 2.39%, 0, 0, 5, 3.96
1500377932, 362, 18, 26, 0, 0, 2.39%, 0, 0, 5, 3.95
1500377948, 363, 17, 26, 0, 0, 2.39%, 0, 0, 5, 3.81
1500377953, 363, 18, 26, 0, 0, 2.39%, 0, 0, 5, 3.92
1500377963, 364, 3, 26, 0, 0, 2.39%, 0, 0, 5, 3.98
1500378034, 364, 17, 26, 0, 0, 2.39%, 0, 0, 5, 4.02
1500378039, 364, 18, 26, 0, 0, 2.39%, 0, 0, 5, 3.90
1500378050, 365, 2, 26, 0, 0, 2.39%, 0, 0, 5, 4.03
1500378116, 365, 17, 26, 0, 0, 2.39%, 0, 0, 5, 3.97
1500378121, 365, 18, 26, 0, 0, 2.39%, 0, 0, 5, 4.12
1500378131, 366, 6, 26, 0, 0, 2.39%, 0, 0, 5, 4.00
1500378197, 366, 17, 26, 0, 0, 2.39%, 0, 0, 5, 3.99
1500378207, 366, 18, 26, 0, 0, 2.39%, 0, 0, 5, 3.97
1500378218, 367, 7, 26, 0, 0, 2.39%, 0, 0, 5, 3.99
1500378279, 367, 17, 26, 0, 0, 2.39%, 0, 0, 5, 3.84
1500378289, 367, 18, 26, 0, 0, 2.39%, 0, 0, 5, 3.95
1500378299, 368, 17, 26, 0, 0, 2.39%, 0, 0, 5, 4.00
1500378304, 368, 18, 26, 0, 0, 2.39%, 0, 0, 5, 3.97
1500378320, 368, 21, 26, 0, 0, 2.39%, 0, 0, 5, 3.89
1500378401, 369, 16, 26, 0, 0, 2.39%, 0, 0, 5, 3.95
1500378488, 369, 17, 26, 0, 0, 2.39%, 0, 0, 5, 3.82
1500378493, 369, 18, 26, 0, 0, 2.39%, 0, 0, 5, 3.98
1500378508, 370, 17, 26, 0, 0, 2.39%, 0, 0, 5, 3.97
1500378513, 370, 18, 26, 0, 0, 2.39%, 0, 0, 5, 3.98
1500378528, 371, 17, 26, 0, 0, 2.39%, 0, 0, 5, 4.00
1500378534, 371, 18, 26, 0, 0, 2.39%, 0, 0, 5, 4.02
1500378544, 372, 2, 26, 0, 0, 2.39%, 0, 0, 5, 4.00
1500378610, 372, 17, 26, 0, 0, 2.39%, 0, 0, 5, 3.95
1500378620, 372, 18, 26, 0, 0, 2.39%, 0, 0, 5, 4.14
1500378631, 373, 17, 26, 0, 0, 2.39%, 0, 0, 5, 4.01
1500378636, 373, 18, 26, 0, 0, 2.39%, 0, 0, 5, 3.96
1500378651, 373, 21, 26, 0, 0, 2.39%, 0, 0, 5, 3.96
1500378733, 374, 17, 26, 0, 0, 2.39%, 0, 0, 5, 4.12
1500378738, 374, 18, 26, 0, 0, 2.39%, 0, 0, 5, 4.02
1500378753, 375, 17, 26, 0, 0, 2.39%, 0, 0, 5, 3.96
1500378758, 375, 18, 26, 0, 0, 2.39%, 0, 0, 5, 3.91
1500378774, 376, 6, 26, 0, 0, 2.39%, 0, 0, 5, 4.00
1500378835, 376, 8, 26, 0, 0, 2.39%, 0, 0, 5, 3.99
1500378891, 376, 13, 26, 0, 0, 2.39%, 0, 0, 5, 3.98
1500378907, 376, 17, 26, 0, 0, 2.39%, 0, 0, 5, 4.00
1500378912, 376, 18, 26, 0, 0, 2.39%, 0, 0, 5, 4.00
1500378927, 376, 25, 26, 0, 0, 2.39%, 0, 0, 5, 4.00
1500379070, 377, 17, 26, 0, 0, 2.39%, 0, 0, 5, 3.92
1500379080, 377, 18, 26, 0, 0, 2.39%, 0, 0, 5, 3.90
1500379091, 378, 13, 26, 0, 0, 2.39%, 0, 0, 5, 3.95
1500379106, 378, 17, 26, 0, 0, 2.39%, 0, 0, 5, 3.97
1500379111, 378, 18, 26, 0, 0, 2.39%, 0, 0, 5, 3.95
1500379122, 379, 3, 26, 0, 0, 2.39%, 0, 0, 5, 3.88
1500379188, 379, 5, 26, 0, 0, 2.39%, 0, 0, 5, 4.13
1500379245, 379, 17, 26, 0, 0, 2.39%, 0, 0, 5, 3.92
1500379250, 379, 18, 26, 0, 0, 2.39%, 0, 0, 5, 3.98
1500379265, 379, 20, 26, 0, 0, 2.39%, 0, 0, 5, 4.10
1500379388, 379, 20, 27, 1, 0, 2.39%, 0, 0, 6, 3.96
1500379414, 379, 26, 27, 1, 0, 2.39%, 0, 0, 6, 4.06
1500379603, 380, 1, 27, 0, 0, 2.39%, 0, 0, 6, 3.96
1500379670, 380, 17, 27, 0, 0, 2.39%, 0, 0, 6, 3.90
1500379675, 380, 18, 27, 0, 0, 2.39%, 0, 0, 6, 3.95
1500379690, 381, 17, 27, 0, 0, 2.39%, 0, 0, 6, 3.92
1500379696, 381, 18, 27, 0, 0, 2.39%, 0, 0, 6, 4.02
1500379706, 382, 17, 27, 0, 0, 2.39%, 0, 0, 6, 3.97
1500379716, 382, 18, 27, 0, 0, 2.39%, 0, 0, 6, 4.02
1500379726, 383, 17, 27, 0, 0, 2.39%, 0, 0, 6, 3.98
1500379731, 383, 18, 27, 0, 0, 2.39%, 0, 0, 6, 3.89
1500379747, 383, 22, 27, 0, 0, 2.39%, 0, 0, 6, 3.97
1500379879, 384, 4, 27, 0, 0, 2.39%, 0, 0, 6, 3.98
1500379945, 384, 16, 27, 0, 0, 2.39%, 0, 0, 6, 3.94
1500380032, 384, 17, 27, 0, 0, 2.39%, 0, 0, 6, 3.91
1500380037, 384, 18, 27, 0, 0, 2.39%, 0, 0, 6, 3.98
1500380048, 385, 11, 27, 0, 0, 2.39%, 0, 0, 6, 3.93
1500380119, 385, 15, 27, 0, 0, 2.39%, 0, 0, 6, 3.99
1500380129, 385, 17, 27, 0, 0, 2.39%, 0, 0, 6, 4.01
1500380134, 385, 18, 27, 0, 0, 2.39%, 0, 0, 6, 3.97
1500380150, 386, 17, 27, 0, 0, 2.39%, 0, 0, 6, 4.00
1500380155, 386, 18, 27, 0, 0, 2.39%, 0, 0, 6, 3.85
1500380170, 387, 17, 27, 0, 0, 2.39%, 0, 0, 6, 3.94
1500380175, 387, 18, 27, 0, 0, 2.39%, 0, 0, 6, 4.08
1500380190, 388, 17, 27, 0, 0, 2.39%, 0, 0, 6, 4.00
1500380195, 388, 18, 27, 0, 0, 2.39%, 0, 0, 6, 3.94
1500380205, 388, 20, 27, 0, 0, 2.39%, 0, 0, 6, 3.99
1500380354, 388, 24, 27, 0, 0, 2.39%, 0, 0, 6, 3.93
1500380441, 389, 17, 27, 0, 0, 2.39%, 0, 0, 6, 3.96
1500380446, 389, 18, 27, 0, 0, 2.39%, 0, 0, 6, 4.01
1500380457, 390, 17, 27, 0, 0, 2.39%, 0, 0, 6, 4.00
1500380467, 390, 18, 27, 0, 0, 2.39%, 0, 0, 6, 3.87
1500380477, 390, 21, 27, 0, 0, 2.39%, 0, 0, 6, 4.09
1500380563, 391, 17, 27, 0, 0, 2.39%, 0, 0, 6, 4.00
1500380569, 391, 18, 27, 0, 0, 2.39%, 0, 0, 6, 3.95
1500380584, 392, 17, 27, 0, 0, 2.39%, 0, 0, 6, 3.99
1500380589, 392, 18, 27, 0, 0, 2.39%, 0, 0, 6, 3.88
1500380605, 392, 21, 27, 0, 0, 2.39%, 0, 0, 6, 3.98
1500380686, 393, 17, 27, 0, 0, 2.39%, 0, 0, 6, 4.03
1500380692, 393, 18, 27, 0, 0, 2.39%, 0, 0, 6, 4.07
1500380707, 394, 17, 28, 1, 0, 2.53%, 0, 0, 6, 3.99
1500380727, 394, 18, 28, 1, 0, 2.53%, 0, 0, 6, 3.91
1500380743, 394, 20, 28, 1, 0, 2.53%, 0, 0, 6, 3.95
1500380860, 395, 17, 28, 1, 0, 2.53%, 0, 0, 6, 4.00
1500380870, 395, 18, 28, 1, 0, 2.53%, 0, 0, 6, 3.92
1500380880, 396, 17, 28, 1, 0, 2.53%, 0, 0, 6, 3.98
1500380890, 396, 18, 28, 1, 0, 2.53%, 0, 0, 6, 3.98
1500380901, 397, 17, 28, 1, 0, 2.53%, 0, 0, 6, 4.03
1500380906, 397, 18, 28, 1, 0, 2.53%, 0, 0, 6, 4.05
1500380921, 397, 21, 28, 1, 0, 2.53%, 0, 0, 6, 3.97
1500381004, 398, 5, 28, 1, 0, 2.53%, 0, 0, 6, 3.93
1500381060, 398, 17, 28, 1, 0, 2.53%, 0, 0, 6, 3.99
1500381070, 398, 18, 28, 1, 0, 2.53%, 0, 0, 6, 3.98
1500381080, 398, 26, 28, 1, 0, 2.53%, 0, 0, 6, 3.96
1500381208, 399, 3, 28, 1, 0, 2.53%, 0, 0, 6, 3.93
1500381264, 399, 17, 28, 1, 0, 2.53%, 0, 0, 6, 3.96
1500381269, 399, 18, 28, 1, 0, 2.53%, 0, 0, 6, 4.04
1500381284, 400, 2, 28, 1, 0, 2.53%, 0, 0, 6, 3.92
1500381346, 400, 17, 28, 1, 0, 2.53%, 0, 0, 6, 4.08
1500381351, 400, 18, 28, 1, 0, 2.53%, 0, 0, 6, 4.00
1500381366, 401, 1, 28, 1, 0, 2.53%, 0, 0, 6, 4.00
1500381422, 401, 11, 28, 1, 0, 2.53%, 0, 0, 6, 3.88
1500381489, 401, 17, 28, 1, 0, 2.53%, 0, 0, 6, 3.98
1500381499, 401, 18, 28, 1, 0, 2.53%, 0, 0, 6, 3.98
1500381509, 402, 17, 28, 1, 0, 2.53%, 0, 0, 6, 4.06
1500381514, 402, 18, 28, 1, 0, 2.53%, 0, 0, 6, 3.98
1500381530, 402, 22, 28, 1, 0, 2.53%, 0, 0, 6, 4.01
1500381658, 402, 27, 28, 1, 0, 2.53%, 0, 0, 6, 3.92
1500381709, 403, 17, 28, 0, 0, 2.53%, 0, 0, 6, 3.92
1500381719, 403, 18, 28, 0, 0, 2.53%, 0, 0, 6, 3.98
1500381730, 404, 3, 28, 0, 0, 2.53%, 0, 0, 6, 3.98
1500381791, 404, 17, 28, 0, 0, 2.53%, 0, 0, 6, 3.93
1500381801, 404, 18, 28, 0, 0, 2.53%, 0, 0, 6, 3.97
1500381811, 405, 9, 28, 0, 0, 2.53%, 0, 0, 6, 3.93
1500381858, 405, 17, 28, 0, 0, 2.53%, 0, 0, 6, 4.00
1500381868, 405, 18, 28, 0, 0, 2.53%, 0, 0, 6, 3.96
1500381878, 405, 20, 28, 0, 0, 2.53%, 0, 0, 6, 3.99
1500382011, 405, 25, 28, 0, 0, 2.53%, 0, 0, 6, 3.94
1500382149, 406, 2, 28, 0, 0, 2.53%, 0, 0, 6, 3.93
1500382215, 406, 17, 28, 0, 0, 2.53%, 0, 0, 6, 3.95
1500382220, 406, 18, 28, 0, 0, 2.53%, 0, 0, 6, 4.00
1500382235, 406, 26, 28, 0, 0, 2.53%, 0, 0, 6, 3.98
1500382384, 407, 17, 28, 0, 0, 2.53%, 0, 0, 6, 3.93
1500382389, 407, 18, 28, 0, 0, 2.53%, 0, 0, 6, 3.90
1500382399, 407, 19, 28, 0, 0, 2.53%, 0, 0, 6, 3.97
1500382481, 407, 20, 28, 0, 0, 2.53%, 0, 0, 6, 3.92
1500382624, 408, 17, 28, 0, 0, 2.53%, 0, 0, 6, 4.04
1500382629, 408, 18, 28, 0, 0, 2.53%, 0, 0, 6, 4.09
1500382645, 409, 17, 28, 0, 0, 2.53%, 0, 0, 6, 3.97
1500382650, 409, 18, 28, 0, 0, 2.53%, 0, 0, 6, 3.92
1500382660, 410, 4, 28, 0, 0, 2.53%, 0, 0, 6, 3.99
1500382731, 410, 17, 28, 0, 0, 2.53%, 0, 0, 6, 3.97
1500382736, 410, 18, 28, 0, 0, 2.53%, 0, 0, 6, 3.92
1500382746, 410, 26, 28, 0, 0, 2.53%, 0, 0, 6, 3.98
1500382879, 411, 7, 28, 0, 0, 2.53%, 0, 0, 6, 3.99
1500382946, 411, 15, 28, 0, 0, 2.53%, 0, 0, 6, 4.00
1500382956, 411, 17, 28, 0, 0, 2.53%, 0, 0, 6, 3.97
1500382966, 411, 18, 28, 0, 0, 2.53%, 0, 0, 6, 3.93
1500382977, 411, 21, 28, 0, 0, 2.53%, 0, 0, 6, 4.02
1500383053, 412, 0, 28, 0, 0, 2.53%, 0, 0, 6, 3.98
1500383119, 412, 5, 28, 0, 0, 2.53%, 0, 0, 6, 3.98
1500383186, 412, 17, 28, 0, 0, 2.53%, 0, 0, 6, 3.98
1500383191, 412, 18, 28, 0, 0, 2.53%, 0, 0, 6, 3.94
1500383206, 412, 26, 28, 0, 0, 2.53%, 0, 0, 6, 4.02
1500383339, 413, 2, 28, 0, 0, 2.53%, 0, 0, 6, 4.00
1500383400, 413, 17, 28, 0, 0, 2.53%, 0, 0, 6, 3.97
1500383410, 413, 18, 28, 0, 0, 2.53%, 0, 0, 6, 3.99
1500383421, 414, 17, 28, 0, 0, 2.53%, 0, 0, 6, 4.03
1500383426, 414, 18, 28, 0, 0, 2.53%, 0, 0, 6, 4.05
1500383441, 414, 26, 28, 0, 0, 2.53%, 0, 0, 6, 4.00
1500383579, 415, 7, 28, 0, 0, 2.53%, 0, 0, 6, 3.91
1500383646, 415, 17, 28, 0, 0, 2.53%, 0, 0, 6, 3.88
1500383651, 415, 18, 28, 0, 0, 2.53%, 0, 0, 6, 3.84
1500383667, 415, 20, 28, 0, 0, 2.53%, 0, 0, 6, 3.92
1500383805, 416, 17, 28, 0, 0, 2.53%, 0, 0, 6, 3.99
1500383810, 416, 18, 28, 0, 0, 2.53%, 0, 0, 6, 3.99
1500383825, 417, 17, 28, 0, 0, 2.53%, 0, 0, 6, 4.01
1500383830, 417, 18, 28, 0, 0, 2.53%, 0, 0, 6, 3.98
1500383845, 418, 2, 28, 0, 0, 2.53%, 0, 0, 6, 3.99
1500383896, 418, 17, 28, 0, 0, 2.53%, 0, 0, 6, 3.98
1500383907, 418, 18, 28, 0, 0, 2.53%, 0, 0, 6, 4.02
1500383917, 418, 23, 28, 0, 0, 2.53%, 0, 0, 6, 3.99
1500384004, 419, 17, 28, 0, 0, 2.53%, 0, 0, 6, 4.03
1500384009, 419, 18, 28, 0, 0, 2.53%, 0, 0, 6, 3.95
1500384024, 420, 17, 28, 0, 0, 2.53%, 0, 0, 6, 3.99
1500384030, 420, 18, 28, 0, 0, 2.53%, 0, 0, 6, 4.01
1500384045, 421, 17, 28, 0, 0, 2.53%, 0, 0, 6, 3.96
1500384050, 421, 18, 28, 0, 0, 2.53%, 0, 0, 6, 4.00
1500384060, 422, 17, 28, 0, 0, 2.53%, 0, 0, 6, 3.95
1500384071, 422, 18, 28, 0, 0, 2.53%, 0, 0, 6, 4.01
1500384081, 423, 17, 28, 0, 0, 2.53%, 0, 0, 6, 4.00
1500384086, 423, 18, 28, 0, 0, 2.53%, 0, 0, 6, 3.94
1500384101, 424, 14, 28, 0, 0, 2.53%, 0, 0, 6, 4.09
1500384163, 424, 17, 28, 0, 0, 2.53%, 0, 0, 6, 4.04
1500384168, 424, 18, 28, 0, 0, 2.53%, 0, 0, 6, 4.14
1500384178, 425, 11, 28, 0, 0, 2.53%, 0, 0, 6, 3.92
1500384240, 425, 15, 28, 0, 0, 2.53%, 0, 0, 6, 3.99
1500384250, 425, 17, 28, 0, 0, 2.53%, 0, 0, 6, 3.99
1500384260, 425, 18, 28, 0, 0, 2.53%, 0, 0, 6, 3.91
1500384270, 426, 17, 28, 0, 0, 2.53%, 0, 0, 6, 4.03
1500384276, 426, 18, 28, 0, 0, 2.53%, 0, 0, 6, 4.03
1500384291, 426, 21, 28, 0, 0, 2.53%, 0, 0, 6, 3.94
1500384363, 426, 22, 28, 0, 0, 2.53%, 0, 0, 6, 3.98
1500384501, 427, 17, 28, 0, 0, 2.53%, 0, 0, 6, 3.95
1500384506, 427, 18, 28, 0, 0, 2.53%, 0, 0, 6, 4.02
1500384517, 428, 2, 28, 0, 0, 2.53%, 0, 0, 6, 3.97
1500384583, 428, 17, 28, 0, 0, 2.53%, 0, 0, 6, 3.97
1500384588, 428, 18, 28, 0, 0, 2.53%, 0, 0, 6, 3.94
1500384603, 428, 20, 28, 0, 0, 2.53%, 0, 0, 6, 3.95
1500384746, 428, 24, 28, 0, 0, 2.53%, 0, 0, 6, 3.97
1500384833, 429, 5, 28, 0, 0, 2.53%, 0, 0, 6, 3.97
1500384894, 429, 7, 28, 0, 0, 2.53%, 0, 0, 6, 3.88
1500384955, 429, 8, 28, 0, 0, 2.53%, 0, 0, 6, 4.01
1500385022, 429, 13, 28, 0, 0, 2.53%, 0, 0, 6, 4.04
1500385032, 429, 17, 28, 0, 0, 2.53%, 0, 0, 6, 3.92
1500385038, 429, 18, 28, 0, 0, 2.53%, 0, 0, 6, 3.98
1500385053, 429, 25, 28, 0, 0, 2.53%, 0, 0, 6, 3.92
1500385190, 430, 17, 28, 0, 0, 2.53%, 0, 0, 6, 4.06
1500385201, 430, 18, 28, 0, 0, 2.53%, 0, 0, 6, 3.99
1500385211, 431, 17, 28, 0, 0, 2.53%, 0, 0, 6, 3.97
1500385216, 431, 18, 28, 0, 0, 2.53%, 0, 0, 6, 3.95
1500385231, 432, 17, 28, 0, 0, 2.53%, 0, 0, 6, 3.98
1500385236, 432, 18, 28, 0, 0, 2.53%, 0, 0, 6, 3.98
1500385252, 433, 8, 28, 0, 0, 2.53%, 0, 0, 6, 3.86
1500385319, 433, 17, 28, 0, 0, 2.53%, 0, 0, 6, 4.01
1500385324, 433, 18, 28, 0, 0, 2.53%, 0, 0, 6, 3.91
1500385339, 433, 27, 28, 0, 0, 2.53%, 0, 0, 6, 3.97
1500385390, 434, 17, 28, 0, 0, 2.53%, 0, 0, 6, 4.01
1500385395, 434, 18, 28, 0, 0, 2.53%, 0, 0, 6, 3.99
1500385405, 435, 17, 28, 0, 0, 2.53%, 0, 0, 6, 3.99
1500385416, 435, 18, 28, 0, 0, 2.53%, 0, 0, 6, 3.91
1500385426, 436, 17, 28, 0, 0, 2.53%, 0, 0, 6, 3.98
1500385431, 436, 18, 28, 0, 0, 2.53%, 0, 0, 6, 4.02
1500385446, 437, 17, 28, 0, 0, 2.53%, 0, 0, 6, 3.97
1500385451, 437, 18, 28, 0, 0, 2.53%, 0, 0, 6, 3.93
1500385467, 437, 22, 28, 0, 0, 2.53%, 0, 0, 6, 3.95
1500385611, 438, 17, 28, 0, 0, 2.53%, 0, 0, 6, 3.98
1500385622, 438, 18, 28, 0, 0, 2.53%, 0, 0, 6, 3.88
1500385632, 439, 1, 28, 0, 0, 2.53%, 0, 0, 6, 3.99
1500385693, 439, 3, 28, 0, 0, 2.53%, 0, 0, 6, 3.89
1500385754, 439, 17, 28, 0, 0, 2.53%, 0, 0, 6, 3.93
1500385759, 439, 18, 28, 0, 0, 2.53%, 0, 0, 6, 3.92
1500385775, 439, 20, 28, 0, 0, 2.53%, 0, 0, 6, 3.97
1500385923, 439, 27, 28, 0, 0, 2.53%, 0, 0, 6, 3.94
1500385974, 440, 0, 28, 0, 0, 2.53%, 0, 0, 6, 3.95
1500386040, 440, 15, 28, 0, 0, 2.53%, 0, 0, 6, 3.93
1500386050, 440, 17, 28, 0, 0, 2.53%, 0, 0, 6, 4.03
1500386056, 440, 18, 28, 0, 0, 2.53%, 0, 0, 6, 4.00
1500386071, 441, 11, 28, 0, 0, 2.53%, 0, 0, 6, 4.03
1500386133, 441, 12, 28, 0, 0, 2.53%, 0, 0, 6, 3.97
1500386138, 441, 13, 28, 0, 0, 2.53%, 0, 0, 6, 4.04
1500386153, 441, 17, 28, 0, 0, 2.53%, 0, 0, 6, 3.98
1500386158, 441, 18, 28, 0, 0, 2.53%, 0, 0, 6, 3.99
1500386173, 442, 10, 28, 0, 0, 2.53%, 0, 0, 6, 3.94
1500386240, 442, 17, 28, 0, 0, 2.53%, 0, 0, 6, 3.94
1500386245, 442, 18, 28, 0, 0, 2.53%, 0, 0, 6, 3.90
1500386260, 442, 27, 28, 0, 0, 2.53%, 0, 0, 6, 3.99
1500386311, 443, 14, 28, 0, 0, 2.53%, 0, 0, 6, 3.99
1500386373, 443, 16, 28, 0, 0, 2.53%, 0, 0, 6, 3.97
1500386460, 443, 17, 28, 0, 0, 2.53%, 0, 0, 6, 3.79
1500386466, 443, 18, 28, 0, 0, 2.53%, 0, 0, 6, 3.86
1500386476, 444, 9, 28, 0, 0, 2.53%, 0, 0, 6, 4.05
1500386527, 444, 17, 28, 0, 0, 2.53%, 0, 0, 6, 3.99
1500386532, 444, 18, 28, 0, 0, 2.53%, 0, 0, 6, 3.92
1500386547, 445, 17, 28, 0, 0, 2.53%, 0, 0, 6, 3.95
1500386552, 445, 18, 28, 0, 0, 2.53%, 0, 0, 6, 3.94
1500386567, 446, 17, 28, 0, 0, 2.53%, 0, 0, 6, 3.89
1500386573, 446, 18, 28, 0, 0, 2.53%, 0, 0, 6, 3.84
1500386588, 447, 0, 28, 0, 0, 2.53%, 0, 0, 6, 3.55
1500386655, 447, 2, 28, 0, 0, 2.53%, 0, 0, 6, 3.77
1500386721, 447, 5, 28, 0, 0, 2.53%, 0, 0, 6, 4.01
1500386782, 447, 6, 28, 0, 0, 2.53%, 0, 0, 6, 4.01
1500386848, 447, 17, 28, 0, 0, 2.53%, 0, 0, 6, 3.97
1500386859, 447, 18, 28, 0, 0, 2.53%, 0, 0, 6, 4.08
1500386869, 448, 8, 28, 0, 0, 2.53%, 0, 0, 6, 3.96
1500386915, 448, 8, 29, 1, 0, 2.53%, 0, 0, 6, 2.96
1500386962, 448, 9, 29, 1, 0, 2.53%, 0, 0, 6, 2.92
1500387023, 448, 11, 29, 1, 0, 2.53%, 0, 0, 6, 3.97
1500387085, 448, 17, 29, 1, 0, 2.53%, 0, 0, 6, 4.03
1500387090, 448, 18, 29, 1, 0, 2.53%, 0, 0, 6, 3.96
1500387105, 448, 28, 29, 1, 0, 2.53%, 0, 0, 6, 3.96
1500387213, 449, 17, 29, 0, 0, 2.53%, 0, 0, 6, 4.01
1500387218, 449, 18, 29, 0, 0, 2.53%, 0, 0, 6, 3.99
1500387228, 449, 27, 29, 0, 0, 2.53%, 0, 0, 6, 4.03
1500387279, 450, 17, 29, 0, 0, 2.53%, 0, 0, 6, 4.00
1500387289, 450, 18, 29, 0, 0, 2.53%, 0, 0, 6, 3.83
1500387300, 450, 28, 29, 0, 0, 2.53%, 0, 0, 6, 3.91
1500387417, 451, 17, 29, 0, 0, 2.53%, 0, 0, 6, 3.78
1500387423, 451, 18, 29, 0, 0, 2.53%, 0, 0, 6, 3.88
1500387438, 451, 26, 29, 0, 0, 2.53%, 0, 0, 6, 3.85
1500387581, 452, 3, 29, 0, 0, 2.53%, 0, 0, 6, 3.84
1500387642, 452, 17, 29, 0, 0, 2.53%, 0, 0, 6, 3.49
1500387647, 452, 18, 29, 0, 0, 2.53%, 0, 0, 6, 3.30
1500387663, 453, 17, 29, 0, 0, 2.53%, 0, 0, 6, 3.51
1500387673, 453, 18, 29, 0, 0, 2.53%, 0, 0, 6, 3.61
1500387683, 453, 26, 29, 0, 0, 2.53%, 0, 0, 6, 3.72
1500387709, 453, 26, 30, 1, 0, 2.53%, 0, 0, 7, 3.45
1500387827, 453, 26, 31, 2, 0, 2.53%, 0, 0, 7, 3.45
1500387915, 453, 29, 31, 2, 0, 2.53%, 0, 0, 7, 3.55
1500388080, 453, 29, 32, 3, 0, 2.53%, 0, 0, 8, 3.38
1500388095, 454, 6, 32, 2, 0, 2.53%, 0, 0, 8, 3.99
1500388162, 454, 17, 32, 2, 0, 2.53%, 0, 0, 8, 3.67
1500388172, 454, 18, 32, 2, 0, 2.53%, 0, 0, 8, 3.97
1500388182, 455, 17, 32, 2, 0, 2.53%, 0, 0, 8, 3.87
1500388187, 455, 18, 32, 2, 0, 2.53%, 0, 0, 8, 3.90
1500388203, 455, 24, 32, 2, 0, 2.53%, 0, 0, 8, 3.90
1500388289, 455, 26, 32, 2, 0, 2.53%, 0, 0, 8, 4.00
1500388438, 455, 30, 32, 2, 0, 2.53%, 0, 0, 8, 4.07
1500388586, 455, 31, 32, 1, 0, 2.53%, 0, 0, 8, 3.77
1500388627, 455, 31, 33, 2, 0, 2.53%, 0, 0, 9, 3.86
1500388782, 455, 31, 34, 3, 0, 2.53%, 0, 0, 9, 3.91
