# unix_time, cycles_done, cur_path, paths_total, pending_total, pending_favs, map_size, unique_crashes, unique_hangs, max_depth, execs_per_sec
1500345959, 0, 0, 4, 4, 1, 2.38%, 0, 0, 1, 4.40
1500345964, 0, 2, 5, 5, 1, 2.38%, 0, 0, 2, 4.36
1500345974, 0, 2, 6, 6, 1, 2.38%, 0, 0, 2, 4.01
1500346042, 0, 2, 7, 7, 1, 2.39%, 0, 0, 2, 3.75
1500346067, 0, 2, 8, 8, 1, 2.39%, 0, 0, 2, 3.87
1500346083, 0, 2, 8, 7, 0, 2.39%, 0, 0, 2, 3.96
1500346093, 0, 2, 9, 8, 0, 2.39%, 0, 0, 2, 3.77
1500346108, 0, 4, 9, 8, 1, 2.39%, 0, 0, 2, 3.83
1500346139, 0, 4, 10, 9, 1, 2.39%, 0, 0, 3, 3.82
1500346186, 0, 5, 10, 8, 0, 2.39%, 0, 0, 3, 3.89
1500346267, 0, 6, 10, 7, 0, 2.39%, 0, 0, 3, 3.97
1500346334, 0, 7, 10, 6, 0, 2.39%, 0, 0, 3, 3.99
1500346400, 0, 8, 10, 5, 0, 2.39%, 0, 0, 3, 4.01
1500346471, 0, 9, 10, 4, 0, 2.39%, 0, 0, 3, 4.01
1500346553, 1, 0, 10, 3, 0, 2.39%, 0, 0, 3, 3.87
1500346624, 1, 1, 10, 2, 0, 2.39%, 0, 0, 3, 3.97
1500346691, 1, 2, 10, 1, 0, 2.39%, 0, 0, 3, 3.97
1500346747, 1, 2, 11, 2, 0, 2.39%, 0, 0, 3, 3.96
1500346762, 1, 10, 11, 2, 1, 2.39%, 0, 0, 3, 3.99
1500346778, 2, 10, 11, 1, 0, 2.39%, 0, 0, 3, 3.96
1500346783, 3, 9, 11, 1, 0, 2.39%, 0, 0, 3, 3.99
1500346834, 3, 10, 11, 1, 0, 2.39%, 0, 0, 3, 4.00
1500346844, 4, 10, 11, 1, 0, 2.39%, 0, 0, 3, 3.92
1500346849, 5, 10, 11, 1, 0, 2.39%, 0, 0, 3, 3.92
1500346854, 6, 4, 11, 1, 0, 2.39%, 0, 0, 3, 3.91
1500346869, 6, 4, 12, 2, 0, 2.39%, 0, 0, 3, 3.98
1500346916, 6, 4, 13, 3, 0, 2.39%, 0, 0, 3, 3.84
1500346926, 6, 10, 13, 3, 0, 2.39%, 0, 0, 3, 4.00
1500346936, 7, 4, 13, 3, 0, 2.39%, 0, 0, 3, 3.90
1500347003, 7, 10, 13, 3, 0, 2.39%, 0, 0, 3, 3.96
1500347008, 7, 11, 13, 3, 0, 2.39%, 0, 0, 3, 3.95
1500347099, 7, 12, 13, 2, 0, 2.39%, 0, 0, 3, 3.99
1500347242, 8, 10, 13, 1, 0, 2.39%, 0, 0, 3, 4.01
1500347253, 8, 12, 13, 1, 0, 2.39%, 0, 0, 3, 3.94
1500347319, 9, 6, 13, 1, 0, 2.39%, 0, 0, 3, 4.02
1500347386, 9, 10, 13, 1, 0, 2.39%, 0, 0, 3, 4.03
1500347391, 9, 12, 13, 1, 0, 2.39%, 0, 0, 3, 4.00
1500347462, 10, 8, 13, 1, 0, 2.39%, 0, 0, 3, 4.00
1500347524, 10, 10, 13, 1, 0, 2.39%, 0, 0, 3, 4.00
1500347529, 10, 12, 13, 1, 0, 2.39%, 0, 0, 3, 3.98
1500347590, 11, 10, 13, 1, 0, 2.39%, 0, 0, 3, 3.97
1500347601, 11, 12, 13, 1, 0, 2.39%, 0, 0, 3, 3.94
1500347667, 12, 3, 13, 1, 0, 2.39%, 0, 0, 3, 3.97
1500347734, 12, 10, 13, 0, 0, 2.39%, 0, 0, 3, 4.10
1500347739, 12, 12, 13, 0, 0, 2.39%, 0, 0, 3, 3.88
1500347795, 13, 10, 13, 0, 0, 2.39%, 0, 0, 3, 4.02
1500347806, 13, 12, 13, 0, 0, 2.39%, 0, 0, 3, 3.92
1500347831, 13, 12, 14, 1, 0, 2.39%, 0, 0, 4, 3.93
1500347872, 14, 10, 14, 1, 0, 2.39%, 0, 0, 4, 4.06
1500347882, 14, 12, 14, 1, 0, 2.39%, 0, 0, 4, 3.98
1500347943, 14, 13, 14, 1, 0, 2.39%, 0, 0, 4, 3.95
1500347979, 14, 13, 15, 2, 0, 2.39%, 0, 0, 5, 3.93
1500348143, 14, 14, 15, 1, 1, 2.39%, 0, 0, 5, 3.98
1500348194, 14, 14, 15, 0, 0, 2.39%, 0, 0, 5, 3.93
1500348199, 15, 4, 15, 0, 0, 2.39%, 0, 0, 5, 3.93
1500348251, 15, 6, 15, 0, 0, 2.39%, 0, 0, 5, 3.86
1500348322, 15, 12, 15, 0, 0, 2.39%, 0, 0, 5, 4.03
1500348373, 15, 13, 15, 0, 0, 2.39%, 0, 0, 5, 3.86
1500348485, 15, 14, 15, 0, 0, 2.39%, 0, 0, 5, 3.96
1500348541, 16, 12, 15, 0, 0, 2.39%, 0, 0, 5, 3.99
1500348602, 16, 14, 15, 0, 0, 2.39%, 0, 0, 5, 4.07
1500348654, 17, 5, 15, 0, 0, 2.39%, 0, 0, 5, 3.97
1500348705, 17, 6, 15, 0, 0, 2.39%, 0, 0, 5, 3.89
1500348776, 17, 12, 15, 0, 0, 2.39%, 0, 0, 5, 3.95
1500348833, 17, 13, 15, 0, 0, 2.39%, 0, 0, 5, 3.96
1500348961, 17, 14, 15, 0, 0, 2.39%, 0, 0, 5, 3.92
1500348986, 18, 4, 15, 0, 0, 2.39%, 0, 0, 5, 3.98
1500349053, 18, 12, 15, 0, 0, 2.39%, 0, 0, 5, 3.98
1500349109, 18, 14, 15, 0, 0, 2.39%, 0, 0, 5, 4.03
1500349140, 19, 12, 15, 0, 0, 2.39%, 0, 0, 5, 3.95
1500349196, 19, 12, 16, 1, 0, 2.39%, 0, 0, 5, 3.93
1500349206, 19, 14, 16, 1, 0, 2.39%, 0, 0, 5, 3.96
1500349222, 20, 7, 16, 1, 0, 2.39%, 0, 0, 5, 3.99
1500349278, 20, 12, 16, 1, 0, 2.39%, 0, 0, 5, 4.02
1500349344, 20, 14, 16, 1, 0, 2.39%, 0, 0, 5, 3.95
1500349354, 21, 12, 16, 1, 0, 2.39%, 0, 0, 5, 3.96
1500349421, 21, 14, 16, 1, 0, 2.39%, 0, 0, 5, 3.93
1500349436, 22, 12, 16, 1, 0, 2.39%, 0, 0, 5, 3.86
1500349503, 22, 14, 16, 1, 0, 2.39%, 0, 0, 5, 3.96
1500349513, 23, 12, 16, 1, 0, 2.39%, 0, 0, 5, 3.99
1500349584, 23, 14, 16, 1, 0, 2.39%, 0, 0, 5, 3.97
1500349594, 23, 15, 16, 1, 0, 2.39%, 0, 0, 5, 3.99
1500349768, 24, 12, 16, 0, 0, 2.39%, 0, 0, 5, 3.93
1500349794, 24, 12, 17, 1, 0, 2.39%, 0, 0, 5, 3.99
1500349835, 24, 14, 17, 1, 0, 2.39%, 0, 0, 5, 3.94
1500349845, 24, 16, 17, 1, 0, 2.39%, 0, 0, 5, 3.97
1500350024, 25, 7, 17, 0, 0, 2.39%, 0, 0, 5, 4.01
1500350091, 25, 12, 17, 0, 0, 2.39%, 0, 0, 5, 4.01
1500350148, 25, 14, 17, 0, 0, 2.39%, 0, 0, 5, 4.03
1500350163, 26, 12, 17, 0, 0, 2.39%, 0, 0, 5, 3.93
1500350225, 26, 14, 17, 0, 0, 2.39%, 0, 0, 5, 3.97
1500350235, 27, 2, 17, 0, 0, 2.39%, 0, 0, 5, 4.02
1500350306, 27, 12, 17, 0, 0, 2.39%, 0, 0, 5, 3.90
1500350373, 27, 14, 17, 0, 0, 2.39%, 0, 0, 5, 3.96
1500350383, 28, 12, 17, 0, 0, 2.39%, 0, 0, 5, 3.92
1500350450, 28, 14, 17, 0, 0, 2.39%, 0, 0, 5, 3.96
1500350460, 29, 9, 17, 0, 0, 2.39%, 0, 0, 5, 4.03
1500350526, 29, 12, 17, 0, 0, 2.39%, 0, 0, 5, 4.00
1500350593, 29, 14, 17, 0, 0, 2.39%, 0, 0, 5, 4.04
1500350603, 30, 10, 17, 0, 0, 2.39%, 0, 0, 5, 3.96
1500350613, 30, 12, 17, 0, 0, 2.39%, 0, 0, 5, 3.92
1500350680, 30, 14, 17, 0, 0, 2.39%, 0, 0, 5, 4.00
1500350690, 31, 12, 17, 0, 0, 2.39%, 0, 0, 5, 3.98
1500350756, 31, 13, 17, 0, 0, 2.39%, 0, 0, 5, 3.86
1500350838, 31, 14, 17, 0, 0, 2.39%, 0, 0, 5, 3.96
1500350854, 32, 4, 17, 0, 0, 2.39%, 0, 0, 5, 4.03
1500350915, 32, 12, 17, 0, 0, 2.39%, 0, 0, 5, 3.95
1500350982, 32, 14, 17, 0, 0, 2.39%, 0, 0, 5, 3.86
1500350992, 33, 12, 17, 0, 0, 2.39%, 0, 0, 5, 3.93
1500351059, 33, 14, 17, 0, 0, 2.39%, 0, 0, 5, 3.85
1500351074, 34, 12, 17, 0, 0, 2.39%, 0, 0, 5, 3.94
1500351130, 34, 14, 17, 0, 0, 2.39%, 0, 0, 5, 3.95
1500351140, 35, 12, 17, 0, 0, 2.39%, 0, 0, 5, 3.98
1500351201, 35, 14, 17, 0, 0, 2.39%, 0, 0, 5, 4.02
1500351216, 36, 12, 17, 0, 0, 2.39%, 0, 0, 5, 4.04
1500351267, 36, 13, 17, 0, 0, 2.39%, 0, 0, 5, 3.96
1500351328, 36, 14, 17, 0, 0, 2.39%, 0, 0, 5, 3.94
1500351344, 37, 12, 17, 0, 0, 2.39%, 0, 0, 5, 3.91
1500351411, 37, 14, 17, 0, 0, 2.39%, 0, 0, 5, 4.07
1500351426, 38, 12, 17, 0, 0, 2.39%, 0, 0, 5, 3.99
1500351487, 38, 14, 17, 0, 0, 2.39%, 0, 0, 5, 4.00
1500351498, 39, 2, 17, 0, 0, 2.39%, 0, 0, 5, 3.99
1500351564, 39, 12, 17, 0, 0, 2.39%, 0, 0, 5, 3.94
1500351626, 39, 14, 17, 0, 0, 2.39%, 0, 0, 5, 4.04
1500351636, 40, 2, 17, 0, 0, 2.39%, 0, 0, 5, 3.97
1500351708, 40, 3, 17, 0, 0, 2.39%, 0, 0, 5, 3.97
1500351769, 40, 12, 17, 0, 0, 2.39%, 0, 0, 5, 3.98
1500351836, 40, 14, 17, 0, 0, 2.39%, 0, 0, 5, 3.90
1500351851, 41, 7, 17, 0, 0, 2.39%, 0, 0, 5, 4.00
1500351918, 41, 12, 17, 0, 0, 2.39%, 0, 0, 5, 4.00
1500351984, 41, 14, 17, 0, 0, 2.39%, 0, 0, 5, 3.99
1500351995, 42, 12, 17, 0, 0, 2.39%, 0, 0, 5, 4.03
1500352066, 42, 14, 17, 0, 0, 2.39%, 0, 0, 5, 3.89
1500352077, 43, 12, 17, 0, 0, 2.39%, 0, 0, 5, 3.95
1500352138, 43, 14, 17, 0, 0, 2.39%, 0, 0, 5, 4.02
1500352148, 43, 16, 17, 0, 0, 2.39%, 0, 0, 5, 3.93
1500352291, 44, 12, 17, 0, 0, 2.39%, 0, 0, 5, 4.03
1500352358, 44, 14, 17, 0, 0, 2.39%, 0, 0, 5, 3.85
1500352368, 45, 12, 17, 0, 0, 2.39%, 0, 0, 5, 3.95
1500352373, 45, 12, 18, 1, 0, 2.39%, 0, 0, 5, 3.97
1500352445, 45, 14, 18, 1, 0, 2.39%, 0, 0, 5, 3.94
1500352461, 46, 12, 18, 1, 0, 2.39%, 0, 0, 5, 3.94
1500352497, 46, 12, 19, 2, 0, 2.39%, 0, 0, 5, 3.88
1500352533, 46, 13, 19, 2, 0, 2.39%, 0, 0, 5, 4.03
1500352600, 46, 14, 19, 2, 0, 2.39%, 0, 0, 5, 3.99
1500352610, 46, 18, 19, 2, 0, 2.39%, 0, 0, 5, 4.03
1500352743, 47, 0, 19, 1, 0, 2.39%, 0, 0, 5, 4.04
1500352784, 47, 0, 20, 2, 0, 2.39%, 0, 0, 5, 3.92
1500352815, 47, 6, 20, 2, 0, 2.39%, 0, 0, 5, 3.93
1500352881, 47, 12, 20, 2, 0, 2.39%, 0, 0, 5, 3.97
1500352943, 47, 13, 20, 2, 0, 2.39%, 0, 0, 5, 3.99
1500353014, 47, 14, 20, 2, 0, 2.39%, 0, 0, 5, 3.95
1500353024, 47, 19, 20, 2, 0, 2.39%, 0, 0, 5, 3.86
1500353132, 48, 0, 20, 1, 0, 2.39%, 0, 0, 5, 4.01
1500353193, 48, 9, 20, 1, 0, 2.39%, 0, 0, 5, 4.00
1500353254, 48, 12, 20, 1, 0, 2.39%, 0, 0, 5, 3.92
1500353321, 48, 14, 20, 1, 0, 2.39%, 0, 0, 5, 3.99
1500353331, 49, 11, 20, 1, 0, 2.39%, 0, 0, 5, 3.93
1500353408, 49, 12, 20, 1, 0, 2.39%, 0, 0, 5, 4.02
1500353475, 49, 14, 20, 1, 0, 2.39%, 0, 0, 5, 3.92
1500353485, 50, 0, 20, 1, 0, 2.39%, 0, 0, 5, 3.94
1500353552, 50, 12, 20, 1, 0, 2.39%, 0, 0, 5, 3.97
1500353613, 50, 14, 20, 1, 0, 2.39%, 0, 0, 5, 3.89
1500353628, 50, 15, 20, 1, 0, 2.39%, 0, 0, 5, 3.99
1500353766, 51, 12, 20, 1, 0, 2.39%, 0, 0, 5, 4.00
1500353828, 51, 14, 20, 1, 0, 2.39%, 0, 0, 5, 4.03
1500353843, 52, 0, 20, 1, 0, 2.39%, 0, 0, 5, 3.96
1500353905, 52, 12, 20, 1, 0, 2.39%, 0, 0, 5, 4.00
1500353971, 52, 14, 20, 1, 0, 2.39%, 0, 0, 5, 4.05
1500353987, 53, 10, 20, 1, 0, 2.39%, 0, 0, 5, 3.96
1500353992, 53, 12, 20, 1, 0, 2.39%, 0, 0, 5, 3.99
1500354053, 53, 14, 20, 1, 0, 2.39%, 0, 0, 5, 4.01
1500354069, 53, 16, 20, 1, 0, 2.39%, 0, 0, 5, 4.02
1500354207, 54, 12, 20, 1, 0, 2.39%, 0, 0, 5, 4.05
1500354274, 54, 14, 20, 1, 0, 2.39%, 0, 0, 5, 4.01
1500354289, 54, 17, 20, 1, 0, 2.39%, 0, 0, 5, 3.99
1500354478, 55, 12, 20, 0, 0, 2.39%, 0, 0, 5, 3.84
1500354545, 55, 13, 20, 0, 0, 2.39%, 0, 0, 5, 3.96
1500354611, 55, 14, 20, 0, 0, 2.39%, 0, 0, 5, 4.01
1500354626, 56, 12, 20, 0, 0, 2.39%, 0, 0, 5, 3.91
1500354688, 56, 14, 20, 0, 0, 2.39%, 0, 0, 5, 3.95
1500354699, 57, 9, 20, 0, 0, 2.39%, 0, 0, 5, 4.10
1500354765, 57, 12, 20, 0, 0, 2.39%, 0, 0, 5, 3.93
1500354827, 57, 14, 20, 0, 0, 2.39%, 0, 0, 5, 3.97
1500354843, 58, 12, 20, 0, 0, 2.39%, 0, 0, 5, 3.96
1500354904, 58, 14, 20, 0, 0, 2.39%, 0, 0, 5, 4.04
1500354920, 59, 9, 20, 0, 0, 2.39%, 0, 0, 5, 3.94
1500354982, 59, 12, 20, 0, 0, 2.39%, 0, 0, 5, 3.97
1500355048, 59, 14, 20, 0, 0, 2.39%, 0, 0, 5, 3.93
1500355063, 60, 12, 20, 0, 0, 2.39%, 0, 0, 5, 3.85
1500355114, 60, 14, 20, 0, 0, 2.39%, 0, 0, 5, 3.96
1500355130, 61, 12, 20, 0, 0, 2.39%, 0, 0, 5, 3.98
1500355196, 61, 14, 20, 0, 0, 2.39%, 0, 0, 5, 3.93
1500355212, 62, 12, 20, 0, 0, 2.39%, 0, 0, 5, 3.93
1500355273, 62, 14, 20, 0, 0, 2.39%, 0, 0, 5, 3.91
1500355288, 62, 19, 20, 0, 0, 2.39%, 0, 0, 5, 3.96
1500355375, 63, 12, 20, 0, 0, 2.39%, 0, 0, 5, 3.96
1500355442, 63, 14, 20, 0, 0, 2.39%, 0, 0, 5, 4.00
1500355452, 64, 12, 20, 0, 0, 2.39%, 0, 0, 5, 3.95
1500355519, 64, 14, 20, 0, 0, 2.39%, 0, 0, 5, 4.00
1500355534, 65, 10, 20, 0, 0, 2.39%, 0, 0, 5, 4.00
1500355539, 65, 12, 20, 0, 0, 2.39%, 0, 0, 5, 3.96
1500355605, 65, 14, 20, 0, 0, 2.39%, 0, 0, 5, 3.96
1500355621, 66, 7, 20, 0, 0, 2.39%, 0, 0, 5, 4.00
1500355676, 66, 12, 20, 0, 0, 2.39%, 0, 0, 5, 4.07
1500355743, 66, 13, 20, 0, 0, 2.39%, 0, 0, 5, 4.01
1500355805, 66, 14, 20, 0, 0, 2.39%, 0, 0, 5, 3.98
1500355820, 67, 11, 20, 0, 0, 2.39%, 0, 0, 5, 3.92
1500355891, 67, 12, 20, 0, 0, 2.39%, 0, 0, 5, 3.93
1500355958, 67, 14, 20, 0, 0, 2.39%, 0, 0, 5, 3.89
1500355968, 68, 10, 20, 0, 0, 2.39%, 0, 0, 5, 3.93
1500355978, 68, 12, 20, 0, 0, 2.39%, 0, 0, 5, 4.02
1500356045, 68, 14, 20, 0, 0, 2.39%, 0, 0, 5, 3.98
1500356055, 69, 9, 20, 0, 0, 2.39%, 0, 0, 5, 4.03
1500356126, 69, 12, 20, 0, 0, 2.39%, 0, 0, 5, 3.95
1500356193, 69, 14, 20, 0, 0, 2.39%, 0, 0, 5, 3.92
1500356203, 69, 17, 20, 0, 0, 2.39%, 0, 0, 5, 3.97
1500356352, 70, 0, 20, 0, 0, 2.39%, 0, 0, 5, 3.99
1500356418, 70, 12, 20, 0, 0, 2.39%, 0, 0, 5, 3.96
1500356474, 70, 14, 20, 0, 0, 2.39%, 0, 0, 5, 3.85
1500356490, 71, 5, 20, 0, 0, 2.39%, 0, 0, 5, 3.97
1500356556, 71, 12, 20, 0, 0, 2.39%, 0, 0, 5, 3.98
1500356617, 71, 14, 20, 0, 0, 2.39%, 0, 0, 5, 3.99
1500356628, 72, 8, 20, 0, 0, 2.39%, 0, 0, 5, 3.93
1500356695, 72, 12, 20, 0, 0, 2.39%, 0, 0, 5, 3.92
1500356761, 72, 14, 20, 0, 0, 2.39%, 0, 0, 5, 3.98
1500356776, 72, 17, 20, 0, 0, 2.39%, 0, 0, 5, 3.96
1500356909, 73, 0, 20, 0, 0, 2.39%, 0, 0, 5, 4.01
1500356981, 73, 12, 20, 0, 0, 2.39%, 0, 0, 5, 4.09
1500357042, 73, 14, 20, 0, 0, 2.39%, 0, 0, 5, 4.04
1500357058, 74, 12, 20, 0, 0, 2.39%, 0, 0, 5, 3.99
1500357114, 74, 14, 20, 0, 0, 2.39%, 0, 0, 5, 4.02
1500357129, 75, 8, 20, 0, 0, 2.39%, 0, 0, 5, 4.02
1500357190, 75, 12, 20, 0, 0, 2.39%, 0, 0, 5, 3.85
1500357257, 75, 14, 20, 0, 0, 2.39%, 0, 0, 5, 3.94
1500357272, 76, 12, 20, 0, 0, 2.39%, 0, 0, 5, 4.06
1500357333, 76, 14, 20, 0, 0, 2.39%, 0, 0, 5, 4.04
1500357349, 77, 12, 20, 0, 0, 2.39%, 0, 0, 5, 3.89
1500357415, 77, 14, 20, 0, 0, 2.39%, 0, 0, 5, 3.98
1500357426, 78, 5, 20, 0, 0, 2.39%, 0, 0, 5, 4.03
1500357492, 78, 12, 20, 0, 0, 2.39%, 0, 0, 5, 3.99
1500357559, 78, 14, 20, 0, 0, 2.39%, 0, 0, 5, 3.90
1500357569, 79, 12, 20, 0, 0, 2.39%, 0, 0, 5, 3.93
1500357630, 79, 14, 20, 0, 0, 2.39%, 0, 0, 5, 4.00
1500357641, 79, 15, 20, 0, 0, 2.39%, 0, 0, 5, 3.94
1500357783, 79, 16, 20, 0, 0, 2.39%, 0, 0, 5, 4.00
1500357922, 80, 12, 20, 0, 0, 2.39%, 0, 0, 5, 4.03
1500357983, 80, 14, 20, 0, 0, 2.39%, 0, 0, 5, 4.02
1500357993, 80, 19, 20, 0, 0, 2.39%, 0, 0, 5, 3.93
1500358075, 81, 12, 20, 0, 0, 2.39%, 0, 0, 5, 4.01
1500358142, 81, 14, 20, 0, 0, 2.39%, 0, 0, 5, 3.95
1500358152, 82, 12, 20, 0, 0, 2.39%, 0, 0, 5, 3.95
1500358218, 82, 14, 20, 0, 0, 2.39%, 0, 0, 5, 3.99
1500358229, 83, 6, 20, 0, 0, 2.39%, 0, 0, 5, 4.01
1500358269, 83, 6, 21, 1, 0, 2.39%, 0, 0, 5, 3.95
1500358300, 83, 12, 21, 1, 0, 2.39%, 0, 0, 5, 3.95
1500358367, 83, 14, 21, 1, 0, 2.39%, 0, 0, 5, 4.01
1500358377, 84, 12, 21, 1, 0, 2.39%, 0, 0, 5, 4.01
1500358438, 84, 14, 21, 1, 0, 2.39%, 0, 0, 5, 3.98
1500358454, 85, 12, 21, 1, 0, 2.39%, 0, 0, 5, 3.91
1500358520, 85, 14, 21, 1, 0, 2.39%, 0, 0, 5, 4.00
1500358535, 85, 17, 21, 1, 0, 2.39%, 0, 0, 5, 3.99
1500358673, 85, 19, 21, 1, 0, 2.39%, 0, 0, 5, 4.00
1500358759, 85, 20, 21, 1, 0, 2.39%, 0, 0, 5, 3.97
1500358866, 86, 8, 21, 0, 0, 2.39%, 0, 0, 5, 3.94
1500358933, 86, 11, 21, 0, 0, 2.39%, 0, 0, 5, 4.03
1500358989, 86, 12, 21, 0, 0, 2.39%, 0, 0, 5, 3.98
1500359055, 86, 14, 21, 0, 0, 2.39%, 0, 0, 5, 3.98
1500359065, 87, 8, 21, 0, 0, 2.39%, 0, 0, 5, 3.97
1500359126, 87, 12, 21, 0, 0, 2.39%, 0, 0, 5, 3.94
1500359178, 87, 14, 21, 0, 0, 2.39%, 0, 0, 5, 3.99
1500359188, 88, 12, 21, 0, 0, 2.39%, 0, 0, 5, 3.98
1500359259, 88, 14, 21, 0, 0, 2.39%, 0, 0, 5, 3.94
1500359269, 89, 10, 21, 0, 0, 2.39%, 0, 0, 5, 3.95
1500359274, 89, 12, 21, 0, 0, 2.39%, 0, 0, 5, 3.94
1500359346, 89, 14, 21, 0, 0, 2.39%, 0, 0, 5, 3.99
1500359356, 90, 2, 21, 0, 0, 2.39%, 0, 0, 5, 3.92
1500359423, 90, 12, 21, 0, 0, 2.39%, 0, 0, 5, 3.95
1500359494, 90, 14, 21, 0, 0, 2.39%, 0, 0, 5, 4.00
1500359504, 91, 12, 21, 0, 0, 2.39%, 0, 0, 5, 3.98
1500359529, 91, 12, 22, 1, 0, 2.39%, 0, 0, 5, 3.97
1500359585, 91, 14, 22, 1, 0, 2.39%, 0, 0, 5, 3.95
1500359601, 92, 12, 22, 1, 0, 2.39%, 0, 0, 5, 3.96
1500359667, 92, 14, 22, 1, 0, 2.39%, 0, 0, 5, 3.92
1500359677, 93, 12, 22, 1, 0, 2.39%, 0, 0, 5, 3.99
1500359743, 93, 13, 22, 1, 0, 2.39%, 0, 0, 5, 3.88
1500359810, 93, 14, 22, 1, 0, 2.39%, 0, 0, 5, 3.99
1500359825, 94, 12, 22, 1, 0, 2.39%, 0, 0, 5, 3.97
1500359891, 94, 14, 22, 1, 0, 2.39%, 0, 0, 5, 3.90
1500359907, 95, 3, 22, 1, 0, 2.39%, 0, 0, 5, 4.00
1500359968, 95, 12, 22, 1, 0, 2.39%, 0, 0, 5, 3.89
1500360029, 95, 14, 22, 1, 0, 2.39%, 0, 0, 5, 4.03
1500360040, 96, 2, 22, 1, 0, 2.39%, 0, 0, 5, 3.95
1500360106, 96, 12, 22, 1, 0, 2.39%, 0, 0, 5, 3.98
1500360173, 96, 13, 22, 1, 0, 2.39%, 0, 0, 5, 3.95
1500360249, 96, 14, 22, 1, 0, 2.39%, 0, 0, 5, 4.01
1500360259, 96, 18, 22, 1, 0, 2.39%, 0, 0, 5, 4.02
1500360407, 97, 2, 22, 1, 0, 2.39%, 0, 0, 5, 3.93
1500360474, 97, 6, 22, 1, 0, 2.39%, 0, 0, 5, 4.02
1500360540, 97, 12, 22, 1, 0, 2.39%, 0, 0, 5, 4.03
1500360607, 97, 13, 22, 1, 0, 2.39%, 0, 0, 5, 3.90
1500360678, 97, 14, 22, 1, 0, 2.39%, 0, 0, 5, 4.01
1500360689, 98, 4, 22, 1, 0, 2.39%, 0, 0, 5, 3.94
1500360755, 98, 12, 22, 1, 0, 2.39%, 0, 0, 5, 3.94
1500360822, 98, 14, 22, 1, 0, 2.39%, 0, 0, 5, 3.98
1500360837, 99, 12, 22, 1, 0, 2.39%, 0, 0, 5, 3.87
1500360899, 99, 14, 22, 1, 0, 2.39%, 0, 0, 5, 3.94
1500360909, 99, 20, 22, 1, 0, 2.39%, 0, 0, 5, 3.90
1500360996, 100, 11, 22, 1, 0, 2.39%, 0, 0, 5, 3.98
1500361063, 100, 12, 22, 1, 0, 2.39%, 0, 0, 5, 4.24
1500361125, 100, 13, 22, 1, 0, 2.39%, 0, 0, 5, 3.97
1500361191, 100, 14, 22, 1, 0, 2.39%, 0, 0, 5, 3.96
1500361201, 100, 21, 22, 1, 0, 2.39%, 0, 0, 5, 3.96
1500361318, 100, 21, 23, 2, 0, 2.39%, 0, 0, 5, 3.96
1500361400, 100, 22, 23, 1, 0, 2.39%, 0, 0, 5, 4.00
1500361595, 101, 12, 23, 0, 0, 2.39%, 0, 0, 5, 3.96
1500361656, 101, 14, 23, 0, 0, 2.39%, 0, 0, 5, 4.00
1500361672, 102, 3, 23, 0, 0, 2.39%, 0, 0, 5, 3.95
1500361728, 102, 12, 23, 0, 0, 2.39%, 0, 0, 5, 3.94
1500361794, 102, 14, 23, 0, 0, 2.39%, 0, 0, 5, 4.02
1500361804, 103, 0, 23, 0, 0, 2.39%, 0, 0, 5, 4.00
1500361865, 103, 2, 23, 0, 0, 2.39%, 0, 0, 5, 3.98
1500361931, 103, 7, 23, 0, 0, 2.39%, 0, 0, 5, 3.90
1500361992, 103, 12, 23, 0, 0, 2.39%, 0, 0, 5, 4.00
1500362053, 103, 14, 23, 0, 0, 2.39%, 0, 0, 5, 4.00
1500362063, 104, 6, 23, 0, 0, 2.39%, 0, 0, 5, 4.11
1500362135, 104, 8, 23, 0, 0, 2.39%, 0, 0, 5, 3.99
1500362201, 104, 12, 23, 0, 0, 2.39%, 0, 0, 5, 3.88
1500362263, 104, 14, 23, 0, 0, 2.39%, 0, 0, 5, 3.93
1500362278, 104, 20, 23, 0, 0, 2.39%, 0, 0, 5, 3.97
1500362360, 105, 1, 23, 0, 0, 2.39%, 0, 0, 5, 4.07
1500362421, 105, 6, 23, 0, 0, 2.39%, 0, 0, 5, 4.02
1500362483, 105, 12, 23, 0, 0, 2.39%, 0, 0, 5, 4.01
1500362544, 105, 14, 23, 0, 0, 2.39%, 0, 0, 5, 4.01
1500362560, 106, 12, 23, 0, 0, 2.39%, 0, 0, 5, 3.96
1500362621, 106, 13, 23, 0, 0, 2.39%, 0, 0, 5, 3.94
1500362693, 106, 14, 23, 0, 0, 2.39%, 0, 0, 5, 4.00
1500362703, 107, 12, 23, 0, 0, 2.39%, 0, 0, 5, 3.93
1500362774, 107, 14, 23, 0, 0, 2.39%, 0, 0, 5, 3.96
1500362785, 107, 15, 23, 0, 0, 2.39%, 0, 0, 5, 4.02
1500362923, 108, 12, 23, 0, 0, 2.39%, 0, 0, 5, 3.89
1500362979, 108, 14, 23, 0, 0, 2.39%, 0, 0, 5, 3.85
1500362994, 109, 2, 23, 0, 0, 2.39%, 0, 0, 5, 3.97
1500363056, 109, 12, 23, 0, 0, 2.39%, 0, 0, 5, 3.87
1500363117, 109, 14, 23, 0, 0, 2.39%, 0, 0, 5, 3.90
1500363128, 110, 12, 23, 0, 0, 2.39%, 0, 0, 5, 3.92
1500363194, 110, 14, 23, 0, 0, 2.39%, 0, 0, 5, 3.96
1500363204, 111, 12, 23, 0, 0, 2.39%, 0, 0, 5, 3.93
1500363266, 111, 14, 23, 0, 0, 2.39%, 0, 0, 5, 3.98
1500363276, 112, 1, 23, 0, 0, 2.39%, 0, 0, 5, 3.97
1500363343, 112, 3, 23, 0, 0, 2.39%, 0, 0, 5, 4.00
1500363404, 112, 12, 23, 0, 0, 2.39%, 0, 0, 5, 3.94
1500363471, 112, 14, 23, 0, 0, 2.39%, 0, 0, 5, 3.95
1500363486, 113, 8, 23, 0, 0, 2.39%, 0, 0, 5, 3.96
1500363552, 113, 12, 23, 0, 0, 2.39%, 0, 0, 5, 3.95
1500363609, 113, 14, 23, 0, 0, 2.39%, 0, 0, 5, 3.96
1500363619, 113, 17, 23, 0, 0, 2.39%, 0, 0, 5, 4.04
1500363758, 114, 10, 23, 0, 0, 2.39%, 0, 0, 5, 4.03
1500363768, 114, 12, 23, 0, 0, 2.39%, 0, 0, 5, 4.03
1500363834, 114, 13, 23, 0, 0, 2.39%, 0, 0, 5, 4.02
1500363901, 114, 14, 23, 0, 0, 2.39%, 0, 0, 5, 3.98
1500363916, 115, 12, 23, 0, 0, 2.39%, 0, 0, 5, 4.07
1500363982, 115, 14, 23, 0, 0, 2.39%, 0, 0, 5, 4.04
1500363992, 116, 8, 23, 0, 0, 2.39%, 0, 0, 5, 3.98
1500364059, 116, 12, 23, 0, 0, 2.39%, 0, 0, 5, 3.87
1500364125, 116, 14, 23, 0, 0, 2.39%, 0, 0, 5, 3.93
1500364141, 117, 12, 23, 0, 0, 2.39%, 0, 0, 5, 3.99
1500364197, 117, 14, 23, 0, 0, 2.39%, 0, 0, 5, 3.88
1500364212, 118, 2, 23, 0, 0, 2.39%, 0, 0, 5, 3.93
1500364279, 118, 12, 23, 0, 0, 2.39%, 0, 0, 5, 3.98
1500364340, 118, 14, 23, 0, 0, 2.39%, 0, 0, 5, 3.92
1500364355, 118, 20, 23, 0, 0, 2.39%, 0, 0, 5, 3.89
1500364442, 119, 12, 23, 0, 0, 2.39%, 0, 0, 5, 3.93
1500364509, 119, 14, 24, 1, 0, 2.39%, 0, 0, 6, 3.93
1500364534, 120, 12, 24, 1, 0, 2.39%, 0, 0, 6, 4.01
1500364606, 120, 14, 24, 1, 0, 2.39%, 0, 0, 6, 3.92
1500364616, 120, 23, 24, 1, 0, 2.39%, 0, 0, 6, 3.98
1500364749, 121, 12, 24, 0, 0, 2.39%, 0, 0, 6, 3.90
1500364815, 121, 14, 24, 0, 0, 2.39%, 0, 0, 6, 3.93
1500364831, 121, 19, 24, 0, 0, 2.39%, 0, 0, 6, 3.98
1500364913, 122, 12, 24, 0, 0, 2.39%, 0, 0, 6, 3.96
1500364974, 122, 14, 24, 0, 0, 2.39%, 0, 0, 6, 3.97
1500364990, 123, 12, 24, 0, 0, 2.39%, 0, 0, 6, 3.95
1500365051, 123, 14, 24, 0, 0, 2.39%, 0, 0, 6, 3.98
1500365066, 124, 12, 24, 0, 0, 2.39%, 0, 0, 6, 3.99
1500365102, 124, 12, 25, 1, 0, 2.39%, 0, 0, 6, 4.02
1500365133, 124, 14, 25, 1, 0, 2.39%, 0, 0, 6, 3.97
1500365143, 124, 16, 25, 1, 0, 2.39%, 0, 0, 6, 3.98
1500365285, 124, 21, 25, 1, 0, 2.39%, 0, 0, 6, 3.94
1500365433, 125, 5, 25, 1, 0, 2.39%, 0, 0, 6, 4.04
1500365490, 125, 7, 25, 1, 0, 2.39%, 0, 0, 6, 4.00
1500365555, 125, 12, 25, 1, 0, 2.39%, 0, 0, 6, 4.02
1500365612, 125, 14, 25, 1, 0, 2.39%, 0, 0, 6, 3.96
1500365627, 125, 17, 25, 1, 0, 2.39%, 0, 0, 6, 3.94
1500365653, 125, 17, 26, 2, 0, 2.39%, 0, 0, 6, 4.05
1500365822, 126, 2, 26, 2, 0, 2.39%, 0, 0, 6, 3.96
1500365888, 126, 12, 26, 2, 0, 2.39%, 0, 0, 6, 3.93
1500365950, 126, 14, 26, 2, 0, 2.39%, 0, 0, 6, 3.96
1500365965, 126, 25, 26, 2, 0, 2.39%, 0, 0, 6, 3.92
1500366159, 126, 25, 26, 1, 0, 2.39%, 0, 0, 6, 3.95
1500366164, 127, 12, 26, 1, 0, 2.39%, 0, 0, 6, 3.95
1500366220, 127, 14, 26, 1, 0, 2.39%, 0, 0, 6, 3.99
1500366235, 127, 24, 26, 1, 0, 2.39%, 0, 0, 6, 3.98
1500366369, 128, 12, 26, 0, 0, 2.39%, 0, 0, 6, 3.91
1500366435, 128, 14, 26, 0, 0, 2.39%, 0, 0, 6, 3.95
1500366450, 128, 25, 26, 0, 0, 2.39%, 0, 0, 6, 3.95
1500366588, 129, 8, 26, 0, 0, 2.39%, 0, 0, 6, 3.95
1500366649, 129, 12, 26, 0, 0, 2.39%, 0, 0, 6, 3.93
1500366716, 129, 14, 26, 0, 0, 2.39%, 0, 0, 6, 3.94
1500366726, 130, 12, 26, 0, 0, 2.39%, 0, 0, 6, 3.89
1500366793, 130, 14, 26, 0, 0, 2.39%, 0, 0, 6, 4.06
1500366803, 131, 4, 26, 0, 0, 2.39%, 0, 0, 6, 3.98
1500366869, 131, 12, 26, 0, 0, 2.39%, 0, 0, 6, 3.95
1500366936, 131, 14, 26, 0, 0, 2.39%, 0, 0, 6, 3.94
1500366951, 132, 12, 26, 0, 0, 2.39%, 0, 0, 6, 3.95
1500367008, 132, 14, 26, 0, 0, 2.39%, 0, 0, 6, 3.91
1500367023, 133, 1, 26, 0, 0, 2.39%, 0, 0, 6, 3.95
1500367080, 133, 8, 26, 0, 0, 2.39%, 0, 0, 6, 4.00
1500367151, 133, 12, 26, 0, 0, 2.39%, 0, 0, 6, 3.97
1500367217, 133, 14, 26, 0, 0, 2.39%, 0, 0, 6, 4.02
1500367227, 134, 12, 26, 0, 0, 2.39%, 0, 0, 6, 4.03
1500367299, 134, 14, 26, 0, 0, 2.39%, 0, 0, 6, 3.96
1500367309, 135, 12, 26, 0, 0, 2.39%, 0, 0, 6, 3.97
1500367371, 135, 14, 26, 0, 0, 2.39%, 0, 0, 6, 4.01
1500367386, 136, 4, 26, 0, 0, 2.39%, 0, 0, 6, 4.02
1500367442, 136, 12, 26, 0, 0, 2.39%, 0, 0, 6, 4.01
1500367509, 136, 14, 26, 0, 0, 2.39%, 0, 0, 6, 3.96
1500367524, 137, 12, 26, 0, 0, 2.39%, 0, 0, 6, 3.96
1500367591, 137, 14, 26, 0, 0, 2.39%, 0, 0, 6, 3.99
1500367601, 138, 12, 26, 0, 0, 2.39%, 0, 0, 6, 3.97
1500367672, 138, 14, 26, 0, 0, 2.39%, 0, 0, 6, 3.96
1500367682, 139, 9, 26, 0, 0, 2.39%, 0, 0, 6, 3.94
1500367749, 139, 10, 26, 0, 0, 2.39%, 0, 0, 6, 3.92
1500367759, 139, 12, 26, 0, 0, 2.39%, 0, 0, 6, 3.94
1500367811, 139, 14, 26, 0, 0, 2.39%, 0, 0, 6, 3.87
1500367826, 139, 17, 26, 0, 0, 2.39%, 0, 0, 6, 4.01
1500367975, 140, 12, 26, 0, 0, 2.39%, 0, 0, 6, 3.95
1500368041, 140, 14, 26, 0, 0, 2.39%, 0, 0, 6, 4.00
1500368051, 140, 16, 26, 0, 0, 2.39%, 0, 0, 6, 3.98
1500368199, 141, 12, 26, 0, 0, 2.39%, 0, 0, 6, 3.92
1500368266, 141, 14, 26, 0, 0, 2.39%, 0, 0, 6, 3.95
1500368281, 141, 20, 26, 0, 0, 2.39%, 0, 0, 6, 4.00
1500368363, 142, 0, 26, 0, 0, 2.39%, 0, 0, 6, 3.97
1500368429, 142, 12, 26, 0, 0, 2.39%, 0, 0, 6, 3.96
1500368496, 142, 14, 26, 0, 0, 2.39%, 0, 0, 6, 3.97
1500368511, 143, 12, 26, 0, 0, 2.39%, 0, 0, 6, 3.98
1500368578, 143, 14, 26, 0, 0, 2.39%, 0, 0, 6, 3.91
1500368593, 144, 6, 26, 0, 0, 2.39%, 0, 0, 6, 4.00
1500368660, 144, 12, 26, 0, 0, 2.39%, 0, 0, 6, 3.90
1500368711, 144, 14, 26, 0, 0, 2.39%, 0, 0, 6, 4.00
1500368726, 144, 16, 26, 0, 0, 2.39%, 0, 0, 6, 3.95
1500368803, 144, 23, 26, 0, 0, 2.39%, 0, 0, 6, 3.97
1500368945, 145, 12, 26, 0, 0, 2.39%, 0, 0, 6, 3.89
1500369017, 145, 14, 26, 0, 0, 2.39%, 0, 0, 6, 3.97
1500369027, 145, 19, 26, 0, 0, 2.39%, 0, 0, 6, 3.84
1500369115, 146, 9, 26, 0, 0, 2.39%, 0, 0, 6, 4.01
1500369181, 146, 12, 26, 0, 0, 2.39%, 0, 0, 6, 3.98
1500369243, 146, 14, 26, 0, 0, 2.39%, 0, 0, 6, 3.90
1500369258, 147, 12, 26, 0, 0, 2.39%, 0, 0, 6, 3.97
1500369324, 147, 14, 26, 0, 0, 2.39%, 0, 0, 6, 3.91
1500369334, 147, 24, 26, 0, 0, 2.39%, 0, 0, 6, 3.89
1500369482, 148, 1, 26, 0, 0, 2.39%, 0, 0, 6, 3.99
1500369549, 148, 9, 26, 0, 0, 2.39%, 0, 0, 6, 4.07
1500369611, 148, 12, 26, 0, 0, 2.39%, 0, 0, 6, 3.98
1500369672, 148, 14, 26, 0, 0, 2.39%, 0, 0, 6, 3.98
1500369683, 148, 21, 26, 0, 0, 2.39%, 0, 0, 6, 3.94
1500369820, 149, 12, 26, 0, 0, 2.39%, 0, 0, 6, 3.92
1500369881, 149, 14, 26, 0, 0, 2.39%, 0, 0, 6, 4.02
1500369897, 150, 12, 26, 0, 0, 2.39%, 0, 0, 6, 4.05
1500369963, 150, 14, 26, 0, 0, 2.39%, 0, 0, 6, 4.01
1500369973, 151, 1, 26, 0, 0, 2.39%, 0, 0, 6, 3.98
1500370040, 151, 4, 26, 0, 0, 2.39%, 0, 0, 6, 3.95
1500370107, 151, 12, 26, 0, 0, 2.39%, 0, 0, 6, 3.97
1500370173, 151, 14, 26, 0, 0, 2.39%, 0, 0, 6, 3.94
1500370183, 151, 18, 26, 0, 0, 2.39%, 0, 0, 6, 3.82
1500370332, 152, 9, 26, 0, 0, 2.39%, 0, 0, 6, 3.92
1500370394, 152, 12, 26, 0, 0, 2.39%, 0, 0, 6, 3.99
1500370461, 152, 13, 26, 0, 0, 2.39%, 0, 0, 6, 3.98
1500370533, 152, 14, 26, 0, 0, 2.39%, 0, 0, 6, 4.00
1500370543, 153, 12, 26, 0, 0, 2.39%, 0, 0, 6, 3.91
1500370609, 153, 14, 26, 0, 0, 2.39%, 0, 0, 6, 3.95
1500370620, 153, 16, 26, 0, 0, 2.39%, 0, 0, 6, 3.93
1500370696, 154, 5, 26, 0, 0, 2.39%, 0, 0, 6, 3.97
1500370763, 154, 7, 26, 0, 0, 2.39%, 0, 0, 6, 3.98
1500370824, 154, 8, 26, 0, 0, 2.39%, 0, 0, 6, 4.00
1500370890, 154, 12, 26, 0, 0, 2.39%, 0, 0, 6, 4.02
1500370951, 154, 14, 26, 0, 0, 2.39%, 0, 0, 6, 3.97
1500370967, 155, 12, 26, 0, 0, 2.39%, 0, 0, 6, 3.99
1500371028, 155, 14, 26, 0, 0, 2.39%, 0, 0, 6, 3.99
1500371043, 155, 18, 26, 0, 0, 2.39%, 0, 0, 6, 3.99
1500371186, 156, 2, 26, 0, 0, 2.39%, 0, 0, 6, 4.03
1500371253, 156, 3, 26, 0, 0, 2.39%, 0, 0, 6, 3.99
1500371319, 156, 12, 26, 0, 0, 2.39%, 0, 0, 6, 3.95
1500371390, 156, 14, 26, 0, 0, 2.39%, 0, 0, 6, 3.96
1500371400, 156, 19, 26, 0, 0, 2.39%, 0, 0, 6, 4.03
1500371421, 156, 19, 27, 1, 0, 2.39%, 0, 0, 6, 3.97
1500371513, 156, 26, 27, 1, 0, 2.39%, 0, 0, 6, 3.97
1500371606, 157, 12, 27, 0, 0, 2.39%, 0, 0, 6, 3.97
1500371667, 157, 14, 27, 0, 0, 2.39%, 0, 0, 6, 4.05
1500371678, 157, 15, 27, 0, 0, 2.39%, 0, 0, 6, 3.94
1500371765, 158, 12, 27, 0, 0, 2.39%, 0, 0, 6, 4.01
1500371831, 158, 14, 27, 0, 0, 2.39%, 0, 0, 6, 3.92
1500371846, 159, 12, 27, 0, 0, 2.39%, 0, 0, 6, 4.11
1500371913, 159, 14, 27, 0, 0, 2.39%, 0, 0, 6, 3.97
1500371928, 160, 11, 27, 0, 0, 2.39%, 0, 0, 6, 4.00
1500371994, 160, 12, 27, 0, 0, 2.39%, 0, 0, 6, 4.04
1500372056, 160, 14, 27, 0, 0, 2.39%, 0, 0, 6, 3.93
1500372071, 161, 12, 27, 0, 0, 2.39%, 0, 0, 6, 3.96
1500372138, 161, 14, 27, 0, 0, 2.39%, 0, 0, 6, 3.97
1500372148, 162, 12, 27, 0, 0, 2.39%, 0, 0, 6, 4.00
1500372214, 162, 14, 27, 0, 0, 2.39%, 0, 0, 6, 4.05
1500372225, 163, 4, 27, 0, 0, 2.39%, 0, 0, 6, 3.90
1500372291, 163, 12, 27, 0, 0, 2.39%, 0, 0, 6, 3.96
1500372357, 163, 14, 27, 0, 0, 2.39%, 0, 0, 6, 3.97
1500372367, 163, 20, 27, 0, 0, 2.39%, 0, 0, 6, 3.92
1500372454, 164, 12, 27, 0, 0, 2.39%, 0, 0, 6, 3.98
1500372520, 164, 14, 27, 0, 0, 2.39%, 0, 0, 6, 3.86
1500372530, 164, 24, 27, 0, 0, 2.39%, 0, 0, 6, 3.98
1500372679, 165, 2, 27, 0, 0, 2.39%, 0, 0, 6, 3.92
1500372745, 165, 12, 27, 0, 0, 2.39%, 0, 0, 6, 3.98
1500372811, 165, 14, 27, 0, 0, 2.39%, 0, 0, 6, 3.96
1500372822, 166, 0, 27, 0, 0, 2.39%, 0, 0, 6, 3.88
1500372889, 166, 12, 27, 0, 0, 2.39%, 0, 0, 6, 3.93
1500372955, 166, 14, 27, 0, 0, 2.39%, 0, 0, 6, 3.97
1500372966, 167, 12, 27, 0, 0, 2.39%, 0, 0, 6, 3.98
1500373032, 167, 14, 27, 0, 0, 2.39%, 0, 0, 6, 4.04
1500373048, 168, 6, 27, 0, 0, 2.39%, 0, 0, 6, 4.00
1500373109, 168, 12, 27, 0, 0, 2.39%, 0, 0, 6, 3.95
1500373180, 168, 14, 27, 0, 0, 2.39%, 0, 0, 6, 4.02
1500373191, 169, 12, 27, 0, 0, 2.39%, 0, 0, 6, 3.94
1500373257, 169, 14, 27, 0, 0, 2.39%, 0, 0, 6, 3.98
1500373272, 169, 15, 27, 0, 0, 2.39%, 0, 0, 6, 4.08
1500373354, 170, 1, 27, 0, 0, 2.39%, 0, 0, 6, 4.06
1500373411, 170, 12, 27, 0, 0, 2.39%, 0, 0, 6, 4.01
1500373477, 170, 14, 27, 0, 0, 2.39%, 0, 0, 6, 3.95
1500373492, 171, 8, 27, 0, 0, 2.39%, 0, 0, 6, 3.94
1500373554, 171, 12, 27, 0, 0, 2.39%, 0, 0, 6, 3.91
1500373625, 171, 14, 27, 0, 0, 2.39%, 0, 0, 6, 3.97
1500373636, 171, 17, 27, 0, 0, 2.39%, 0, 0, 6, 3.94
1500373774, 172, 12, 27, 0, 0, 2.39%, 0, 0, 6, 4.07
1500373845, 172, 14, 27, 0, 0, 2.39%, 0, 0, 6, 3.97
1500373856, 173, 7, 27, 0, 0, 2.39%, 0, 0, 6, 3.96
1500373922, 173, 12, 27, 0, 0, 2.39%, 0, 0, 6, 3.94
1500373988, 173, 14, 27, 0, 0, 2.39%, 0, 0, 6, 3.93
1500373999, 174, 12, 27, 0, 0, 2.39%, 0, 0, 6, 4.03
1500374065, 174, 14, 27, 0, 0, 2.39%, 0, 0, 6, 3.97
1500374081, 175, 8, 27, 0, 0, 2.39%, 0, 0, 6, 4.09
1500374147, 175, 10, 27, 0, 0, 2.39%, 0, 0, 6, 4.03
1500374152, 175, 12, 27, 0, 0, 2.39%, 0, 0, 6, 3.97
1500374219, 175, 14, 27, 0, 0, 2.39%, 0, 0, 6, 3.98
1500374234, 175, 15, 27, 0, 0, 2.39%, 0, 0, 6, 4.01
1500374290, 175, 15, 28, 1, 0, 2.39%, 0, 0, 6, 3.99
1500374321, 175, 16, 28, 1, 0, 2.39%, 0, 0, 6, 3.93
1500374397, 175, 17, 28, 1, 0, 2.39%, 0, 0, 6, 3.99
1500374540, 176, 12, 28, 1, 0, 2.39%, 0, 0, 6, 3.96
1500374607, 176, 14, 28, 1, 0, 2.39%, 0, 0, 6, 3.92
1500374617, 177, 3, 28, 1, 0, 2.39%, 0, 0, 6, 3.95
1500374688, 177, 6, 28, 1, 0, 2.39%, 0, 0, 6, 4.00
1500374749, 177, 12, 28, 1, 0, 2.39%, 0, 0, 6, 4.08
1500374805, 177, 14, 28, 1, 0, 2.39%, 0, 0, 6, 3.99
1500374821, 178, 12, 28, 1, 0, 2.39%, 0, 0, 6, 3.94
1500374887, 178, 14, 28, 1, 0, 2.39%, 0, 0, 6, 3.97
1500374903, 178, 27, 28, 1, 0, 2.39%, 0, 0, 6, 3.94
1500375127, 179, 12, 28, 0, 0, 2.39%, 0, 0, 6, 3.92
1500375189, 179, 14, 28, 0, 0, 2.39%, 0, 0, 6, 3.95
1500375204, 180, 8, 28, 0, 0, 2.39%, 0, 0, 6, 3.97
1500375270, 180, 12, 28, 0, 0, 2.39%, 0, 0, 6, 3.98
1500375327, 180, 14, 28, 0, 0, 2.39%, 0, 0, 6, 3.97
1500375342, 181, 12, 28, 0, 0, 2.39%, 0, 0, 6, 3.93
1500375409, 181, 14, 28, 0, 0, 2.39%, 0, 0, 6, 4.02
1500375424, 182, 0, 28, 0, 0, 2.39%, 0, 0, 6, 4.03
1500375486, 182, 12, 28, 0, 0, 2.39%, 0, 0, 6, 3.96
1500375547, 182, 14, 28, 0, 0, 2.39%, 0, 0, 6, 3.96
1500375557, 182, 16, 28, 0, 0, 2.39%, 0, 0, 6, 3.98
1500375629, 183, 1, 28, 0, 0, 2.39%, 0, 0, 6, 3.99
1500375700, 183, 2, 28, 0, 0, 2.39%, 0, 0, 6, 3.97
1500375761, 183, 3, 28, 0, 0, 2.39%, 0, 0, 6, 3.99
1500375823, 183, 12, 28, 0, 0, 2.39%, 0, 0, 6, 3.93
1500375894, 183, 14, 28, 0, 0, 2.39%, 0, 0, 6, 4.00
1500375904, 183, 16, 28, 0, 0, 2.39%, 0, 0, 6, 3.96
1500375971, 184, 11, 28, 0, 0, 2.39%, 0, 0, 6, 3.93
1500376038, 184, 12, 28, 0, 0, 2.39%, 0, 0, 6, 3.98
1500376099, 184, 14, 28, 0, 0, 2.39%, 0, 0, 6, 3.98
1500376109, 184, 27, 28, 0, 0, 2.39%, 0, 0, 6, 3.88
1500376252, 185, 12, 28, 0, 0, 2.39%, 0, 0, 6, 3.98
1500376320, 185, 14, 28, 0, 0, 2.39%, 0, 0, 6, 3.98
1500376330, 185, 18, 28, 0, 0, 2.39%, 0, 0, 6, 3.99
1500376479, 186, 4, 28, 0, 0, 2.39%, 0, 0, 6, 3.87
1500376545, 186, 12, 28, 0, 0, 2.39%, 0, 0, 6, 3.87
1500376611, 186, 14, 28, 0, 0, 2.39%, 0, 0, 6, 3.95
1500376626, 187, 12, 28, 0, 0, 2.39%, 0, 0, 6, 3.98
1500376682, 187, 14, 28, 0, 0, 2.39%, 0, 0, 6, 3.92
1500376697, 188, 12, 28, 0, 0, 2.39%, 0, 0, 6, 4.04
1500376764, 188, 14, 28, 0, 0, 2.39%, 0, 0, 6, 4.07
1500376779, 188, 22, 28, 0, 0, 2.39%, 0, 0, 6, 3.89
1500376923, 189, 11, 28, 0, 0, 2.39%, 0, 0, 6, 3.92
1500376989, 189, 12, 28, 0, 0, 2.39%, 0, 0, 6, 3.94
1500377061, 189, 14, 28, 0, 0, 2.39%, 0, 0, 6, 4.02
1500377071, 189, 19, 28, 0, 0, 2.39%, 0, 0, 6, 3.95
1500377153, 190, 5, 28, 0, 0, 2.39%, 0, 0, 6, 3.98
1500377215, 190, 12, 28, 0, 0, 2.39%, 0, 0, 6, 3.94
1500377276, 190, 12, 29, 1, 0, 2.39%, 0, 0, 6, 4.03
1500377291, 190, 14, 29, 1, 0, 2.39%, 0, 0, 6, 4.01
1500377302, 190, 16, 29, 1, 0, 2.39%, 0, 0, 6, 4.00
1500377378, 190, 17, 29, 1, 0, 2.39%, 0, 0, 6, 3.95
1500377526, 190, 28, 29, 1, 0, 2.39%, 0, 0, 6, 3.97
1500377669, 191, 1, 29, 0, 0, 2.39%, 0, 0, 6, 3.98
1500377730, 191, 2, 29, 0, 0, 2.39%, 0, 0, 6, 3.96
1500377791, 191, 3, 29, 0, 0, 2.39%, 0, 0, 6, 4.07
1500377858, 191, 12, 29, 0, 0, 2.39%, 0, 0, 6, 3.89
1500377924, 191, 14, 29, 0, 0, 2.39%, 0, 0, 6, 3.97
1500377935, 192, 12, 29, 0, 0, 2.39%, 0, 0, 6, 4.10
1500378001, 192, 14, 29, 0, 0, 2.39%, 0, 0, 6, 4.02
1500378016, 193, 12, 29, 0, 0, 2.39%, 0, 0, 6, 3.94
1500378083, 193, 14, 29, 0, 0, 2.39%, 0, 0, 6, 3.94
1500378093, 194, 12, 29, 0, 0, 2.39%, 0, 0, 6, 3.95
1500378160, 194, 14, 29, 0, 0, 2.39%, 0, 0, 6, 3.88
1500378175, 195, 12, 29, 0, 0, 2.39%, 0, 0, 6, 4.00
1500378241, 195, 14, 29, 0, 0, 2.39%, 0, 0, 6, 4.01
1500378256, 195, 22, 29, 0, 0, 2.39%, 0, 0, 6, 4.00
1500378389, 196, 12, 29, 0, 0, 2.39%, 0, 0, 6, 3.99
1500378455, 196, 14, 29, 0, 0, 2.39%, 0, 0, 6, 3.92
1500378471, 196, 25, 29, 0, 0, 2.39%, 0, 0, 6, 4.02
1500378613, 196, 26, 29, 0, 0, 2.39%, 0, 0, 6, 3.93
1500378685, 197, 12, 29, 0, 0, 2.39%, 0, 0, 6, 3.98
1500378746, 197, 14, 29, 0, 0, 2.39%, 0, 0, 6, 4.01
1500378757, 197, 27, 29, 0, 0, 2.39%, 0, 0, 6, 3.99
1500378905, 198, 6, 29, 0, 0, 2.39%, 0, 0, 6, 4.08
1500378971, 198, 12, 29, 0, 0, 2.39%, 0, 0, 6, 3.98
1500379032, 198, 14, 29, 0, 0, 2.39%, 0, 0, 6, 4.00
1500379048, 198, 20, 29, 0, 0, 2.39%, 0, 0, 6, 3.95
1500379135, 198, 23, 29, 0, 0, 2.39%, 0, 0, 6, 3.89
1500379273, 199, 5, 29, 0, 0, 2.39%, 0, 0, 6, 3.99
1500379335, 199, 10, 29, 0, 0, 2.39%, 0, 0, 6, 3.96
1500379340, 199, 12, 29, 0, 0, 2.39%, 0, 0, 6, 3.96
1500379401, 199, 14, 29, 0, 0, 2.39%, 0, 0, 6, 3.97
1500379416, 200, 11, 29, 0, 0, 2.39%, 0, 0, 6, 3.98
1500379477, 200, 12, 29, 0, 0, 2.39%, 0, 0, 6, 3.94
1500379482, 200, 12, 30, 1, 0, 2.39%, 0, 0, 6, 3.95
1500379554, 200, 14, 30, 1, 0, 2.39%, 0, 0, 6, 3.93
1500379569, 200, 22, 30, 1, 0, 2.39%, 0, 0, 6, 4.09
1500379693, 201, 1, 30, 1, 0, 2.39%, 0, 0, 6, 3.98
1500379759, 201, 3, 30, 1, 0, 2.39%, 0, 0, 6, 4.05
1500379815, 201, 12, 30, 1, 0, 2.39%, 0, 0, 6, 3.96
1500379882, 201, 14, 30, 1, 0, 2.39%, 0, 0, 6, 4.04
1500379897, 201, 25, 30, 1, 0, 2.39%, 0, 0, 6, 3.91
1500380046, 202, 12, 30, 1, 0, 2.39%, 0, 0, 6, 3.96
1500380107, 202, 14, 30, 1, 0, 2.39%, 0, 0, 6, 3.85
1500380118, 202, 16, 30, 1, 0, 2.39%, 0, 0, 6, 3.97
1500380194, 202, 24, 30, 1, 0, 2.39%, 0, 0, 6, 3.93
1500380338, 203, 1, 30, 1, 0, 2.39%, 0, 0, 6, 4.01
1500380409, 203, 9, 30, 1, 0, 2.39%, 0, 0, 6, 3.98
1500380470, 203, 12, 30, 1, 0, 2.39%, 0, 0, 6, 3.91
1500380537, 203, 14, 30, 1, 0, 2.39%, 0, 0, 6, 3.94
1500380547, 204, 12, 30, 1, 0, 2.39%, 0, 0, 6, 3.93
1500380618, 204, 14, 30, 1, 0, 2.39%, 0, 0, 6, 4.00
1500380629, 204, 16, 30, 1, 0, 2.39%, 0, 0, 6, 3.93
1500380705, 205, 12, 30, 1, 0, 2.39%, 0, 0, 6, 3.93
1500380761, 205, 14, 30, 1, 0, 2.39%, 0, 0, 6, 3.89
1500380777, 206, 4, 30, 1, 0, 2.39%, 0, 0, 6, 3.99
1500380843, 206, 12, 30, 1, 0, 2.39%, 0, 0, 6, 4.15
1500380910, 206, 14, 30, 1, 0, 2.39%, 0, 0, 6, 4.02
1500380925, 207, 12, 30, 1, 0, 2.39%, 0, 0, 6, 3.99
1500380992, 207, 14, 30, 1, 0, 2.39%, 0, 0, 6, 4.00
1500381003, 207, 29, 30, 1, 0, 2.39%, 0, 0, 6, 3.90
1500381161, 208, 1, 30, 0, 0, 2.39%, 0, 0, 6, 4.14
1500381228, 208, 9, 30, 0, 0, 2.39%, 0, 0, 6, 3.96
1500381294, 208, 12, 30, 0, 0, 2.39%, 0, 0, 6, 3.96
1500381366, 208, 14, 30, 0, 0, 2.39%, 0, 0, 6, 4.01
1500381376, 208, 25, 30, 0, 0, 2.39%, 0, 0, 6, 3.95
1500381525, 208, 26, 30, 0, 0, 2.39%, 0, 0, 6, 3.93
1500381612, 209, 0, 30, 0, 0, 2.39%, 0, 0, 6, 4.02
1500381678, 209, 12, 30, 0, 0, 2.39%, 0, 0, 6, 3.98
1500381745, 209, 14, 30, 0, 0, 2.39%, 0, 0, 6, 4.06
1500381761, 209, 15, 30, 0, 0, 2.39%, 0, 0, 6, 3.95
1500381827, 209, 15, 31, 1, 0, 2.39%, 0, 0, 6, 3.94
1500381837, 210, 2, 31, 1, 0, 2.39%, 0, 0, 6, 3.90
1500381904, 210, 12, 31, 1, 0, 2.39%, 0, 0, 6, 3.94
1500381970, 210, 14, 31, 1, 0, 2.39%, 0, 0, 6, 3.94
1500381980, 211, 12, 31, 1, 0, 2.39%, 0, 0, 6, 4.01
1500382052, 211, 14, 31, 1, 0, 2.39%, 0, 0, 6, 3.95
1500382062, 211, 27, 31, 1, 0, 2.39%, 0, 0, 6, 4.00
1500382205, 212, 12, 31, 1, 0, 2.39%, 0, 0, 6, 3.85
1500382266, 212, 14, 31, 1, 0, 2.39%, 0, 0, 6, 4.07
1500382281, 213, 7, 31, 1, 0, 2.39%, 0, 0, 6, 3.94
1500382342, 213, 11, 31, 1, 0, 2.39%, 0, 0, 6, 3.95
1500382403, 213, 12, 31, 1, 0, 2.39%, 0, 0, 6, 4.01
1500382470, 213, 14, 31, 1, 0, 2.39%, 0, 0, 6, 3.96
1500382486, 214, 3, 31, 1, 0, 2.39%, 0, 0, 6, 4.01
1500382542, 214, 5, 31, 1, 0, 2.39%, 0, 0, 6, 4.02
1500382614, 214, 12, 31, 1, 0, 2.39%, 0, 0, 6, 3.91
1500382670, 214, 14, 31, 1, 0, 2.39%, 0, 0, 6, 4.02
1500382685, 214, 16, 31, 1, 0, 2.39%, 0, 0, 6, 3.99
1500382757, 215, 8, 31, 1, 0, 2.39%, 0, 0, 6, 4.01
1500382818, 215, 12, 31, 1, 0, 2.39%, 0, 0, 6, 4.00
1500382884, 215, 14, 31, 1, 0, 2.39%, 0, 0, 6, 3.98
1500382895, 215, 19, 31, 1, 0, 2.39%, 0, 0, 6, 4.04
1500382982, 215, 27, 31, 1, 0, 2.39%, 0, 0, 6, 3.99
1500383125, 216, 0, 31, 1, 0, 2.39%, 0, 0, 6, 3.97
1500383191, 216, 12, 31, 1, 0, 2.39%, 0, 0, 6, 3.95
1500383257, 216, 14, 31, 1, 0, 2.39%, 0, 0, 6, 3.96
1500383273, 216, 18, 31, 1, 0, 2.39%, 0, 0, 6, 3.90
1500383416, 217, 12, 31, 1, 0, 2.39%, 0, 0, 6, 3.94
1500383482, 217, 14, 31, 1, 0, 2.39%, 0, 0, 6, 3.98
1500383493, 217, 17, 31, 1, 0, 2.39%, 0, 0, 6, 3.96
1500383636, 217, 19, 31, 1, 0, 2.39%, 0, 0, 6, 3.92
1500383718, 218, 4, 31, 1, 0, 2.39%, 0, 0, 6, 4.01
1500383784, 218, 12, 31, 1, 0, 2.39%, 0, 0, 6, 3.94
1500383850, 218, 14, 31, 1, 0, 2.39%, 0, 0, 6, 4.14
1500383866, 218, 27, 31, 1, 0, 2.39%, 0, 0, 6, 4.06
1500384009, 219, 12, 31, 1, 0, 2.39%, 0, 0, 6, 3.93
1500384076, 219, 14, 31, 1, 0, 2.39%, 0, 0, 6, 3.97
1500384091, 220, 6, 31, 1, 0, 2.39%, 0, 0, 6, 3.94
1500384158, 220, 12, 31, 1, 0, 2.39%, 0, 0, 6, 3.97
1500384225, 220, 14, 31, 1, 0, 2.39%, 0, 0, 6, 3.97
1500384241, 220, 30, 31, 1, 0, 2.39%, 0, 0, 6, 3.96
1500384379, 221, 6, 31, 0, 0, 2.39%, 0, 0, 6, 3.91
1500384446, 221, 12, 31, 0, 0, 2.39%, 0, 0, 6, 4.01
1500384513, 221, 14, 31, 0, 0, 2.39%, 0, 0, 6, 3.96
1500384523, 222, 12, 31, 0, 0, 2.39%, 0, 0, 6, 3.96
1500384594, 222, 14, 31, 0, 0, 2.39%, 0, 0, 6, 3.99
1500384604, 223, 12, 31, 0, 0, 2.39%, 0, 0, 6, 3.92
1500384665, 223, 13, 31, 0, 0, 2.39%, 0, 0, 6, 4.02
1500384731, 223, 14, 31, 0, 0, 2.39%, 0, 0, 6, 3.99
1500384746, 223, 19, 31, 0, 0, 2.39%, 0, 0, 6, 3.95
1500384834, 224, 6, 31, 0, 0, 2.39%, 0, 0, 6, 3.99
1500384895, 224, 12, 31, 0, 0, 2.39%, 0, 0, 6, 3.87
1500384961, 224, 14, 31, 0, 0, 2.39%, 0, 0, 6, 4.02
1500384976, 225, 12, 31, 0, 0, 2.39%, 0, 0, 6, 3.96
1500385043, 225, 14, 31, 0, 0, 2.39%, 0, 0, 6, 3.83
1500385059, 226, 3, 31, 0, 0, 2.39%, 0, 0, 6, 4.02
1500385125, 226, 7, 31, 0, 0, 2.39%, 0, 0, 6, 3.98
1500385192, 226, 12, 31, 0, 0, 2.39%, 0, 0, 6, 3.99
1500385258, 226, 14, 31, 0, 0, 2.39%, 0, 0, 6, 3.98
1500385273, 227, 12, 31, 0, 0, 2.39%, 0, 0, 6, 3.96
1500385334, 227, 14, 31, 0, 0, 2.39%, 0, 0, 6, 3.96
1500385345, 228, 7, 31, 0, 0, 2.39%, 0, 0, 6, 4.03
1500385416, 228, 12, 31, 0, 0, 2.39%, 0, 0, 6, 3.95
1500385482, 228, 14, 31, 0, 0, 2.39%, 0, 0, 6, 3.99
1500385492, 229, 2, 31, 0, 0, 2.39%, 0, 0, 6, 3.91
1500385559, 229, 12, 31, 0, 0, 2.39%, 0, 0, 6, 3.91
1500385630, 229, 14, 31, 0, 0, 2.39%, 0, 0, 6, 3.98
1500385641, 229, 21, 31, 0, 0, 2.39%, 0, 0, 6, 3.99
1500385788, 230, 2, 31, 0, 0, 2.39%, 0, 0, 6, 3.97
1500385855, 230, 7, 31, 0, 0, 2.39%, 0, 0, 6, 4.08
1500385927, 230, 12, 31, 0, 0, 2.39%, 0, 0, 6, 3.95
1500385993, 230, 14, 31, 0, 0, 2.39%, 0, 0, 6, 3.95
1500386003, 231, 8, 31, 0, 0, 2.39%, 0, 0, 6, 3.93
1500386034, 231, 8, 32, 1, 0, 2.39%, 0, 0, 6, 3.94
1500386080, 231, 12, 32, 1, 0, 2.39%, 0, 0, 6, 4.03
1500386142, 231, 14, 32, 1, 0, 2.39%, 0, 0, 6, 4.06
1500386158, 231, 26, 32, 1, 0, 2.39%, 0, 0, 6, 3.96
1500386240, 231, 31, 32, 1, 0, 2.39%, 0, 0, 6, 3.95
1500386450, 232, 9, 32, 0, 0, 2.39%, 0, 0, 6, 3.78
1500386517, 232, 12, 32, 0, 0, 2.39%, 0, 0, 6, 3.88
1500386583, 232, 14, 32, 0, 0, 2.39%, 0, 0, 6, 3.76
1500386598, 232, 21, 32, 0, 0, 2.39%, 0, 0, 6, 3.59
1500386737, 233, 2, 32, 0, 0, 2.39%, 0, 0, 6, 3.96
1500386803, 233, 12, 32, 0, 0, 2.39%, 0, 0, 6, 4.02
1500386870, 233, 14, 32, 0, 0, 2.39%, 0, 0, 6, 4.17
1500386880, 233, 17, 32, 0, 0, 2.39%, 0, 0, 6, 3.96
1500386990, 233, 17, 33, 1, 0, 2.39%, 0, 0, 6, 3.28
1500387000, 233, 32, 33, 1, 0, 2.39%, 0, 0, 6, 3.86
1500387265, 234, 12, 33, 0, 0, 2.39%, 0, 0, 6, 4.04
1500387327, 234, 13, 33, 0, 0, 2.39%, 0, 0, 6, 4.04
1500387405, 234, 14, 33, 0, 0, 2.39%, 0, 0, 6, 3.54
1500387420, 234, 25, 33, 0, 0, 2.39%, 0, 0, 6, 3.75
1500387558, 235, 10, 33, 0, 0, 2.39%, 0, 0, 6, 4.10
1500387569, 235, 12, 33, 0, 0, 2.39%, 0, 0, 6, 3.88
1500387605, 235, 12, 34, 1, 0, 2.39%, 0, 0, 6, 3.73
1500387626, 235, 12, 35, 2, 0, 2.39%, 0, 0, 6, 3.75
1500387646, 235, 14, 35, 2, 0, 2.39%, 0, 0, 6, 3.32
1500387662, 235, 18, 35, 2, 0, 2.39%, 0, 0, 6, 3.48
1500387812, 236, 12, 35, 2, 0, 2.39%, 0, 0, 6, 3.61
1500387889, 236, 14, 35, 2, 0, 2.39%, 0, 0, 6, 3.64
1500387899, 236, 14, 36, 3, 0, 2.39%, 0, 0, 6, 3.56
1500387920, 236, 35, 36, 3, 0, 2.39%, 0, 0, 6, 3.53
1500387976, 237, 0, 36, 2, 0, 2.39%, 0, 0, 6, 3.69
1500388048, 237, 1, 36, 2, 0, 2.39%, 0, 0, 6, 3.41
1500388115, 237, 5, 36, 2, 0, 2.39%, 0, 0, 6, 4.02
1500388161, 237, 5, 37, 3, 0, 2.39%, 0, 0, 6, 3.66
1500388192, 237, 8, 37, 3, 0, 2.39%, 0, 0, 6, 3.92
1500388253, 237, 12, 37, 3, 0, 2.39%, 0, 0, 6, 3.99
1500388320, 237, 14, 37, 3, 0, 2.39%, 0, 0, 6, 4.03
1500388335, 237, 15, 37, 3, 0, 2.39%, 0, 0, 6, 3.99
1500388402, 237, 36, 37, 3, 0, 2.39%, 0, 0, 6, 4.10
1500388519, 238, 10, 37, 2, 0, 2.39%, 0, 0, 6, 3.91
1500388530, 238, 12, 37, 2, 0, 2.39%, 0, 0, 6, 3.89
1500388592, 238, 14, 37, 2, 0, 2.39%, 0, 0, 6, 3.90
1500388602, 238, 25, 37, 2, 0, 2.39%, 0, 0, 6, 3.94
1500388745, 238, 33, 37, 2, 0, 2.39%, 0, 0, 6, 3.92
