# unix_time, cycles_done, cur_path, paths_total, pending_total, pending_favs, map_size, unique_crashes, unique_hangs, max_depth, execs_per_sec
1500345403, 0, 0, 4, 4, 1, 2.38%, 0, 0, 1, 9.65
1500345408, 0, 2, 5, 5, 1, 2.38%, 0, 0, 2, 9.24
1500345439, 0, 3, 5, 4, 0, 2.38%, 0, 0, 2, 9.26
1500345469, 0, 4, 5, 3, 0, 2.38%, 0, 0, 2, 8.68
1500345490, 0, 4, 6, 4, 0, 2.38%, 0, 0, 3, 7.60
1500345506, 0, 5, 6, 3, 0, 2.38%, 0, 0, 3, 6.73
1500345547, 1, 0, 6, 2, 0, 2.38%, 0, 0, 3, 6.46
1500345593, 1, 1, 6, 1, 0, 2.38%, 0, 0, 3, 6.35
1500345634, 1, 1, 6, 0, 0, 2.38%, 0, 0, 3, 5.68
1500345639, 1, 2, 6, 0, 0, 2.38%, 0, 0, 3, 5.73
1500345681, 1, 3, 6, 0, 0, 2.38%, 0, 0, 3, 5.58
1500345722, 1, 4, 6, 0, 0, 2.38%, 0, 0, 3, 6.32
1500345763, 1, 5, 6, 0, 0, 2.38%, 0, 0, 3, 6.51
1500345809, 2, 0, 6, 0, 0, 2.38%, 0, 0, 3, 6.18
1500345850, 2, 1, 6, 0, 0, 2.38%, 0, 0, 3, 6.36
1500345897, 2, 2, 6, 0, 0, 2.38%, 0, 0, 3, 5.08
1500345953, 2, 3, 6, 0, 0, 2.38%, 0, 0, 3, 4.42
1500346015, 2, 4, 6, 0, 0, 2.38%, 0, 0, 3, 3.90
1500346036, 2, 4, 7, 1, 0, 2.39%, 0, 0, 3, 3.66
1500346087, 2, 4, 8, 2, 0, 2.39%, 0, 0, 3, 3.96
1500346108, 2, 5, 8, 2, 0, 2.39%, 0, 0, 3, 3.79
1500346128, 2, 5, 9, 3, 0, 2.39%, 0, 0, 4, 3.63
1500346201, 2, 6, 9, 3, 0, 2.39%, 0, 0, 4, 4.06
1500346272, 2, 7, 9, 2, 0, 2.39%, 0, 0, 4, 3.96
1500346344, 2, 8, 9, 1, 0, 2.39%, 0, 0, 4, 4.06
1500346375, 2, 8, 10, 2, 0, 2.39%, 0, 0, 5, 3.95
1500346431, 2, 9, 10, 1, 0, 2.39%, 0, 0, 5, 3.99
1500346517, 3, 0, 10, 0, 0, 2.39%, 0, 0, 5, 3.97
1500346588, 3, 1, 10, 0, 0, 2.39%, 0, 0, 5, 4.00
1500346654, 3, 2, 10, 0, 0, 2.39%, 0, 0, 5, 4.00
1500346720, 3, 3, 10, 0, 0, 2.39%, 0, 0, 5, 3.98
1500346786, 3, 4, 10, 0, 0, 2.39%, 0, 0, 5, 4.02
1500346858, 3, 5, 10, 0, 0, 2.39%, 0, 0, 5, 3.95
1500346925, 3, 6, 10, 0, 0, 2.39%, 0, 0, 5, 4.00
1500346997, 3, 7, 10, 0, 0, 2.39%, 0, 0, 5, 3.91
1500347068, 3, 8, 10, 0, 0, 2.39%, 0, 0, 5, 4.00
1500347124, 3, 8, 11, 1, 0, 2.39%, 0, 0, 5, 3.96
1500347160, 3, 9, 11, 1, 0, 2.39%, 0, 0, 5, 4.02
1500347247, 4, 3, 11, 1, 0, 2.39%, 0, 0, 5, 3.96
1500347318, 5, 3, 11, 1, 0, 2.39%, 0, 0, 5, 4.04
1500347334, 5, 3, 12, 2, 0, 2.39%, 0, 0, 5, 3.94
1500347390, 6, 3, 12, 2, 0, 2.39%, 0, 0, 5, 3.98
1500347456, 6, 10, 12, 2, 0, 2.39%, 0, 0, 5, 4.00
1500347544, 7, 3, 12, 1, 0, 2.39%, 0, 0, 5, 3.94
1500347611, 8, 3, 12, 1, 0, 2.39%, 0, 0, 5, 3.98
1500347683, 9, 3, 12, 1, 0, 2.39%, 0, 0, 5, 4.02
1500347749, 10, 3, 12, 1, 0, 2.39%, 0, 0, 5, 4.00
1500347815, 11, 3, 12, 1, 0, 2.39%, 0, 0, 5, 3.99
1500347881, 12, 3, 12, 1, 0, 2.39%, 0, 0, 5, 4.01
1500347953, 12, 11, 12, 1, 0, 2.39%, 0, 0, 5, 3.87
1500348040, 13, 3, 12, 0, 0, 2.39%, 0, 0, 5, 3.88
1500348106, 14, 3, 12, 0, 0, 2.39%, 0, 0, 5, 3.93
1500348173, 15, 1, 12, 0, 0, 2.39%, 0, 0, 5, 3.91
1500348209, 15, 1, 13, 1, 0, 2.39%, 0, 0, 5, 3.98
1500348260, 15, 12, 13, 1, 1, 2.39%, 0, 0, 5, 3.93
1500348286, 16, 3, 13, 0, 0, 2.39%, 0, 0, 5, 3.91
1500348331, 16, 3, 14, 1, 0, 2.39%, 0, 0, 5, 3.97
1500348357, 16, 13, 14, 1, 1, 2.39%, 0, 0, 5, 4.07
1500348382, 17, 13, 14, 0, 0, 2.39%, 0, 0, 5, 3.98
1500348413, 18, 13, 14, 0, 0, 2.39%, 0, 0, 5, 3.99
1500348438, 19, 13, 14, 0, 0, 2.39%, 0, 0, 5, 3.98
1500348464, 20, 13, 14, 0, 0, 2.39%, 0, 0, 5, 3.86
1500348469, 21, 13, 14, 0, 0, 2.39%, 0, 0, 5, 3.94
1500348474, 22, 13, 14, 0, 0, 2.39%, 0, 0, 5, 3.93
1500348484, 23, 2, 14, 0, 0, 2.39%, 0, 0, 5, 4.00
1500348530, 23, 2, 15, 1, 0, 2.39%, 0, 0, 5, 3.95
1500348561, 23, 13, 15, 1, 0, 2.39%, 0, 0, 5, 3.91
1500348566, 24, 13, 15, 1, 0, 2.39%, 0, 0, 5, 3.95
1500348571, 25, 13, 15, 1, 0, 2.39%, 0, 0, 5, 4.00
1500348576, 25, 14, 15, 1, 0, 2.39%, 0, 0, 5, 3.92
1500348658, 26, 1, 15, 0, 0, 2.39%, 0, 0, 5, 3.99
1500348730, 26, 7, 15, 0, 0, 2.39%, 0, 0, 5, 3.86
1500348796, 26, 9, 15, 0, 0, 2.39%, 0, 0, 5, 3.98
1500348868, 26, 13, 15, 0, 0, 2.39%, 0, 0, 5, 3.94
1500348873, 27, 13, 15, 0, 0, 2.39%, 0, 0, 5, 4.01
1500348883, 28, 7, 15, 0, 0, 2.39%, 0, 0, 5, 3.96
1500348950, 28, 10, 15, 0, 0, 2.39%, 0, 0, 5, 3.95
1500349032, 28, 13, 15, 0, 0, 2.39%, 0, 0, 5, 3.94
1500349042, 29, 13, 15, 0, 0, 2.39%, 0, 0, 5, 3.97
1500349047, 30, 13, 15, 0, 0, 2.39%, 0, 0, 5, 3.89
1500349053, 31, 8, 15, 0, 0, 2.39%, 0, 0, 5, 3.95
1500349129, 31, 13, 15, 0, 0, 2.39%, 0, 0, 5, 4.03
1500349134, 32, 13, 15, 0, 0, 2.39%, 0, 0, 5, 3.99
1500349139, 33, 13, 15, 0, 0, 2.39%, 0, 0, 5, 3.96
1500349145, 34, 13, 15, 0, 0, 2.39%, 0, 0, 5, 4.04
1500349155, 35, 5, 15, 0, 0, 2.39%, 0, 0, 5, 4.02
1500349221, 35, 13, 15, 0, 0, 2.39%, 0, 0, 5, 3.93
1500349226, 36, 13, 15, 0, 0, 2.39%, 0, 0, 5, 3.97
1500349231, 37, 2, 15, 0, 0, 2.39%, 0, 0, 5, 3.87
1500349303, 37, 4, 15, 0, 0, 2.39%, 0, 0, 5, 3.95
1500349369, 37, 5, 15, 0, 0, 2.39%, 0, 0, 5, 3.98
1500349440, 37, 8, 15, 0, 0, 2.39%, 0, 0, 5, 3.97
1500349512, 37, 10, 15, 0, 0, 2.39%, 0, 0, 5, 3.91
1500349517, 37, 10, 16, 1, 0, 2.39%, 0, 0, 6, 3.96
1500349625, 37, 13, 16, 1, 0, 2.39%, 0, 0, 6, 3.86
1500349630, 38, 13, 16, 1, 0, 2.39%, 0, 0, 6, 3.97
1500349640, 39, 13, 16, 1, 0, 2.39%, 0, 0, 6, 3.93
1500349645, 40, 13, 16, 1, 0, 2.39%, 0, 0, 6, 3.90
1500349650, 41, 13, 16, 1, 0, 2.39%, 0, 0, 6, 3.96
1500349660, 42, 13, 16, 1, 0, 2.39%, 0, 0, 6, 4.00
1500349666, 43, 7, 16, 1, 0, 2.39%, 0, 0, 6, 3.98
1500349732, 43, 13, 16, 1, 0, 2.39%, 0, 0, 6, 4.00
1500349737, 44, 13, 16, 1, 0, 2.39%, 0, 0, 6, 3.93
1500349742, 45, 10, 16, 1, 0, 2.39%, 0, 0, 6, 3.88
1500349819, 45, 13, 16, 1, 0, 2.39%, 0, 0, 6, 3.89
1500349825, 46, 12, 16, 1, 0, 2.39%, 0, 0, 6, 3.89
1500349850, 46, 13, 16, 1, 0, 2.39%, 0, 0, 6, 4.07
1500349855, 47, 5, 16, 1, 0, 2.39%, 0, 0, 6, 3.97
1500349922, 47, 13, 16, 1, 0, 2.39%, 0, 0, 6, 3.92
1500349927, 48, 13, 16, 1, 0, 2.39%, 0, 0, 6, 3.95
1500349937, 49, 13, 16, 1, 0, 2.39%, 0, 0, 6, 4.03
1500349942, 50, 10, 16, 1, 0, 2.39%, 0, 0, 6, 4.00
1500350014, 50, 11, 16, 1, 0, 2.39%, 0, 0, 6, 4.02
1500350091, 50, 13, 16, 1, 0, 2.39%, 0, 0, 6, 4.01
1500350096, 50, 15, 16, 1, 0, 2.39%, 0, 0, 6, 3.94
1500350244, 51, 13, 16, 0, 0, 2.39%, 0, 0, 6, 3.99
1500350249, 52, 3, 16, 0, 0, 2.39%, 0, 0, 6, 3.98
1500350321, 52, 13, 16, 0, 0, 2.39%, 0, 0, 6, 4.02
1500350326, 52, 14, 16, 0, 0, 2.39%, 0, 0, 6, 3.97
1500350413, 53, 0, 16, 0, 0, 2.39%, 0, 0, 6, 4.10
1500350485, 53, 1, 16, 0, 0, 2.39%, 0, 0, 6, 3.92
1500350556, 53, 13, 16, 0, 0, 2.39%, 0, 0, 6, 3.98
1500350561, 54, 8, 16, 0, 0, 2.39%, 0, 0, 6, 3.93
1500350633, 54, 10, 16, 0, 0, 2.39%, 0, 0, 6, 4.09
1500350709, 54, 13, 16, 0, 0, 2.39%, 0, 0, 6, 3.93
1500350714, 55, 11, 16, 0, 0, 2.39%, 0, 0, 6, 3.98
1500350781, 55, 13, 17, 1, 0, 2.39%, 0, 0, 6, 4.01
1500350797, 56, 13, 17, 1, 0, 2.39%, 0, 0, 6, 3.92
1500350802, 56, 15, 17, 1, 0, 2.39%, 0, 0, 6, 4.00
1500350950, 57, 13, 17, 1, 0, 2.39%, 0, 0, 6, 3.97
1500350955, 58, 13, 17, 1, 0, 2.39%, 0, 0, 6, 3.96
1500350960, 59, 5, 17, 1, 0, 2.39%, 0, 0, 6, 3.96
1500351032, 59, 9, 17, 1, 0, 2.39%, 0, 0, 6, 3.97
1500351103, 59, 13, 17, 1, 0, 2.39%, 0, 0, 6, 3.97
1500351108, 60, 13, 17, 1, 0, 2.39%, 0, 0, 6, 3.92
1500351118, 61, 13, 17, 1, 0, 2.39%, 0, 0, 6, 3.84
1500351124, 62, 13, 17, 1, 0, 2.39%, 0, 0, 6, 3.87
1500351129, 62, 16, 17, 1, 0, 2.39%, 0, 0, 6, 3.94
1500351215, 63, 3, 17, 0, 0, 2.39%, 0, 0, 6, 4.07
1500351287, 63, 7, 17, 0, 0, 2.39%, 0, 0, 6, 3.98
1500351353, 63, 13, 17, 0, 0, 2.39%, 0, 0, 6, 4.01
1500351359, 64, 7, 17, 0, 0, 2.39%, 0, 0, 6, 3.97
1500351425, 64, 13, 17, 0, 0, 2.39%, 0, 0, 6, 3.96
1500351430, 64, 15, 17, 0, 0, 2.39%, 0, 0, 6, 3.98
1500351579, 65, 13, 17, 0, 0, 2.39%, 0, 0, 6, 3.98
1500351584, 66, 13, 17, 0, 0, 2.39%, 0, 0, 6, 4.00
1500351589, 67, 13, 17, 0, 0, 2.39%, 0, 0, 6, 3.97
1500351594, 68, 9, 17, 0, 0, 2.39%, 0, 0, 6, 3.97
1500351671, 68, 12, 17, 0, 0, 2.39%, 0, 0, 6, 3.98
1500351696, 68, 13, 17, 0, 0, 2.39%, 0, 0, 6, 3.91
1500351701, 68, 15, 17, 0, 0, 2.39%, 0, 0, 6, 3.96
1500351848, 69, 6, 17, 0, 0, 2.39%, 0, 0, 6, 3.98
1500351915, 69, 13, 17, 0, 0, 2.39%, 0, 0, 6, 4.04
1500351920, 70, 13, 17, 0, 0, 2.39%, 0, 0, 6, 3.94
1500351925, 71, 13, 17, 0, 0, 2.39%, 0, 0, 6, 4.00
1500351935, 71, 15, 17, 0, 0, 2.39%, 0, 0, 6, 3.98
1500352078, 72, 13, 17, 0, 0, 2.39%, 0, 0, 6, 4.03
1500352088, 73, 13, 17, 0, 0, 2.39%, 0, 0, 6, 4.01
1500352094, 74, 4, 17, 0, 0, 2.39%, 0, 0, 6, 3.88
1500352160, 74, 13, 17, 0, 0, 2.39%, 0, 0, 6, 4.02
1500352165, 74, 14, 17, 0, 0, 2.39%, 0, 0, 6, 4.00
1500352211, 74, 14, 18, 1, 0, 2.39%, 0, 0, 6, 3.96
1500352258, 75, 7, 18, 1, 0, 2.39%, 0, 0, 6, 3.97
1500352324, 75, 13, 18, 1, 0, 2.39%, 0, 0, 6, 3.94
1500352330, 75, 17, 18, 1, 0, 2.39%, 0, 0, 6, 3.93
1500352550, 76, 2, 18, 0, 0, 2.39%, 0, 0, 6, 3.97
1500352622, 76, 13, 18, 0, 0, 2.39%, 0, 0, 6, 4.02
1500352627, 77, 13, 18, 0, 0, 2.39%, 0, 0, 6, 3.94
1500352632, 78, 13, 18, 0, 0, 2.39%, 0, 0, 6, 3.81
1500352637, 78, 15, 18, 0, 0, 2.39%, 0, 0, 6, 3.95
1500352785, 79, 13, 18, 0, 0, 2.39%, 0, 0, 6, 3.89
1500352791, 79, 16, 18, 0, 0, 2.39%, 0, 0, 6, 3.99
1500352878, 80, 13, 18, 0, 0, 2.39%, 0, 0, 6, 3.98
1500352883, 81, 13, 18, 0, 0, 2.39%, 0, 0, 6, 3.98
1500352893, 82, 13, 18, 0, 0, 2.39%, 0, 0, 6, 3.94
1500352898, 83, 12, 18, 0, 0, 2.39%, 0, 0, 6, 4.03
1500352908, 83, 13, 18, 0, 0, 2.39%, 0, 0, 6, 3.99
1500352919, 84, 13, 18, 0, 0, 2.39%, 0, 0, 6, 3.97
1500352924, 84, 14, 18, 0, 0, 2.39%, 0, 0, 6, 3.90
1500353011, 85, 13, 18, 0, 0, 2.39%, 0, 0, 6, 3.92
1500353016, 86, 5, 18, 0, 0, 2.39%, 0, 0, 6, 3.97
1500353083, 86, 13, 18, 0, 0, 2.39%, 0, 0, 6, 3.94
1500353088, 87, 4, 18, 0, 0, 2.39%, 0, 0, 6, 4.00
1500353159, 87, 13, 18, 0, 0, 2.39%, 0, 0, 6, 4.02
1500353164, 88, 6, 18, 0, 0, 2.39%, 0, 0, 6, 3.92
1500353231, 88, 13, 18, 0, 0, 2.39%, 0, 0, 6, 4.03
1500353236, 89, 12, 18, 0, 0, 2.39%, 0, 0, 6, 3.95
1500353252, 89, 13, 18, 0, 0, 2.39%, 0, 0, 6, 3.96
1500353257, 90, 13, 18, 0, 0, 2.39%, 0, 0, 6, 3.93
1500353262, 91, 13, 18, 0, 0, 2.39%, 0, 0, 6, 4.06
1500353272, 92, 7, 18, 0, 0, 2.39%, 0, 0, 6, 4.05
1500353338, 92, 13, 18, 0, 0, 2.39%, 0, 0, 6, 3.91
1500353343, 92, 14, 18, 0, 0, 2.39%, 0, 0, 6, 3.97
1500353430, 92, 17, 18, 0, 0, 2.39%, 0, 0, 6, 4.01
1500353517, 93, 13, 18, 0, 0, 2.39%, 0, 0, 6, 3.99
1500353522, 94, 13, 18, 0, 0, 2.39%, 0, 0, 6, 3.99
1500353527, 94, 14, 18, 0, 0, 2.39%, 0, 0, 6, 3.90
1500353604, 95, 2, 18, 0, 0, 2.39%, 0, 0, 6, 4.00
1500353675, 95, 5, 18, 0, 0, 2.39%, 0, 0, 6, 4.04
1500353742, 95, 13, 18, 0, 0, 2.39%, 0, 0, 6, 4.03
1500353747, 96, 13, 18, 0, 0, 2.39%, 0, 0, 6, 4.07
1500353752, 96, 16, 18, 0, 0, 2.39%, 0, 0, 6, 4.03
1500353839, 97, 13, 18, 0, 0, 2.39%, 0, 0, 6, 4.02
1500353844, 97, 17, 18, 0, 0, 2.39%, 0, 0, 6, 3.93
1500353865, 97, 17, 19, 1, 0, 2.39%, 0, 0, 6, 3.99
1500353957, 97, 18, 19, 1, 0, 2.39%, 0, 0, 6, 3.94
1500354008, 98, 3, 19, 0, 0, 2.39%, 0, 0, 6, 4.01
1500354080, 98, 13, 19, 0, 0, 2.39%, 0, 0, 6, 3.96
1500354085, 99, 13, 19, 0, 0, 2.39%, 0, 0, 6, 3.99
1500354090, 99, 18, 19, 0, 0, 2.39%, 0, 0, 6, 3.97
1500354141, 100, 2, 19, 0, 0, 2.39%, 0, 0, 6, 3.96
1500354207, 100, 13, 19, 0, 0, 2.39%, 0, 0, 6, 4.04
1500354212, 101, 13, 19, 0, 0, 2.39%, 0, 0, 6, 3.95
1500354218, 102, 13, 19, 0, 0, 2.39%, 0, 0, 6, 4.20
1500354223, 102, 16, 19, 0, 0, 2.39%, 0, 0, 6, 3.98
1500354305, 103, 13, 19, 0, 0, 2.39%, 0, 0, 6, 4.02
1500354315, 104, 13, 19, 0, 0, 2.39%, 0, 0, 6, 4.00
1500354320, 105, 8, 19, 0, 0, 2.39%, 0, 0, 6, 3.98
1500354330, 105, 8, 20, 1, 0, 2.39%, 0, 0, 6, 3.97
1500354391, 105, 13, 20, 1, 0, 2.39%, 0, 0, 6, 3.91
1500354396, 106, 13, 20, 1, 0, 2.39%, 0, 0, 6, 3.94
1500354406, 107, 0, 20, 1, 0, 2.39%, 0, 0, 6, 4.00
1500354473, 107, 2, 20, 1, 0, 2.39%, 0, 0, 6, 3.98
1500354546, 107, 13, 20, 1, 0, 2.39%, 0, 0, 6, 3.89
1500354551, 107, 19, 20, 1, 0, 2.39%, 0, 0, 6, 4.02
1500354602, 108, 13, 20, 0, 0, 2.39%, 0, 0, 6, 4.05
1500354612, 109, 3, 20, 0, 0, 2.39%, 0, 0, 6, 4.02
1500354684, 109, 13, 20, 0, 0, 2.39%, 0, 0, 6, 3.99
1500354689, 109, 18, 20, 0, 0, 2.39%, 0, 0, 6, 3.94
1500354740, 110, 13, 20, 0, 0, 2.39%, 0, 0, 6, 3.96
1500354745, 111, 13, 20, 0, 0, 2.39%, 0, 0, 6, 4.03
1500354750, 111, 14, 20, 0, 0, 2.39%, 0, 0, 6, 3.97
1500354817, 112, 13, 20, 0, 0, 2.39%, 0, 0, 6, 4.06
1500354822, 113, 3, 20, 0, 0, 2.39%, 0, 0, 6, 3.83
1500354889, 113, 12, 20, 0, 0, 2.39%, 0, 0, 6, 3.97
1500354899, 113, 13, 20, 0, 0, 2.39%, 0, 0, 6, 3.98
1500354904, 114, 10, 20, 0, 0, 2.39%, 0, 0, 6, 3.99
1500354970, 114, 13, 20, 0, 0, 2.39%, 0, 0, 6, 3.92
1500354975, 115, 7, 20, 0, 0, 2.39%, 0, 0, 6, 3.93
1500355027, 115, 13, 20, 0, 0, 2.39%, 0, 0, 6, 3.98
1500355032, 116, 9, 20, 0, 0, 2.39%, 0, 0, 6, 4.02
1500355103, 116, 13, 20, 0, 0, 2.39%, 0, 0, 6, 3.98
1500355108, 117, 13, 20, 0, 0, 2.39%, 0, 0, 6, 3.97
1500355118, 118, 1, 20, 0, 0, 2.39%, 0, 0, 6, 4.02
1500355174, 118, 13, 20, 0, 0, 2.39%, 0, 0, 6, 3.93
1500355180, 119, 13, 20, 0, 0, 2.39%, 0, 0, 6, 3.98
1500355190, 120, 13, 20, 0, 0, 2.39%, 0, 0, 6, 3.98
1500355195, 120, 17, 20, 0, 0, 2.39%, 0, 0, 6, 3.92
1500355277, 121, 5, 20, 0, 0, 2.39%, 0, 0, 6, 3.89
1500355323, 121, 7, 20, 0, 0, 2.39%, 0, 0, 6, 4.00
1500355338, 121, 7, 21, 1, 0, 2.39%, 0, 0, 6, 3.98
1500355390, 121, 9, 21, 1, 0, 2.39%, 0, 0, 6, 3.93
1500355461, 121, 13, 21, 1, 0, 2.39%, 0, 0, 6, 3.97
1500355466, 122, 13, 21, 1, 0, 2.39%, 0, 0, 6, 3.99
1500355471, 122, 15, 21, 1, 0, 2.39%, 0, 0, 6, 4.03
1500355614, 122, 19, 21, 1, 0, 2.39%, 0, 0, 6, 3.88
1500355665, 122, 20, 21, 1, 0, 2.39%, 0, 0, 6, 3.97
1500355813, 123, 13, 21, 0, 0, 2.39%, 0, 0, 6, 4.00
1500355818, 124, 11, 21, 0, 0, 2.39%, 0, 0, 6, 3.95
1500355874, 124, 13, 21, 0, 0, 2.39%, 0, 0, 6, 3.94
1500355879, 125, 13, 21, 0, 0, 2.39%, 0, 0, 6, 3.99
1500355884, 126, 1, 21, 0, 0, 2.39%, 0, 0, 6, 4.03
1500355946, 126, 13, 21, 0, 0, 2.39%, 0, 0, 6, 3.98
1500355956, 127, 0, 21, 0, 0, 2.39%, 0, 0, 6, 3.94
1500356022, 127, 13, 21, 0, 0, 2.39%, 0, 0, 6, 4.00
1500356028, 128, 7, 21, 0, 0, 2.39%, 0, 0, 6, 3.96
1500356089, 128, 13, 22, 1, 0, 2.39%, 0, 0, 6, 3.92
1500356104, 128, 19, 22, 1, 0, 2.39%, 0, 0, 6, 4.05
1500356155, 129, 3, 22, 1, 0, 2.39%, 0, 0, 6, 4.01
1500356216, 129, 13, 22, 1, 0, 2.39%, 0, 0, 6, 3.99
1500356222, 129, 16, 22, 1, 0, 2.39%, 0, 0, 6, 3.92
1500356309, 130, 13, 22, 1, 0, 2.39%, 0, 0, 6, 3.97
1500356314, 130, 19, 22, 1, 0, 2.39%, 0, 0, 6, 4.02
1500356371, 130, 21, 22, 1, 0, 2.39%, 0, 0, 6, 3.97
1500356448, 131, 4, 22, 0, 0, 2.39%, 0, 0, 6, 4.01
1500356504, 131, 13, 22, 0, 0, 2.39%, 0, 0, 6, 3.96
1500356509, 131, 16, 22, 0, 0, 2.39%, 0, 0, 6, 3.98
1500356591, 132, 13, 22, 0, 0, 2.39%, 0, 0, 6, 3.95
1500356596, 132, 20, 22, 0, 0, 2.39%, 0, 0, 6, 3.87
1500356739, 133, 1, 22, 0, 0, 2.39%, 0, 0, 6, 4.01
1500356800, 133, 5, 22, 0, 0, 2.39%, 0, 0, 6, 3.84
1500356862, 133, 13, 22, 0, 0, 2.39%, 0, 0, 6, 3.99
1500356872, 133, 21, 22, 0, 0, 2.39%, 0, 0, 6, 3.94
1500356950, 134, 0, 22, 0, 0, 2.39%, 0, 0, 6, 3.87
1500357000, 134, 0, 23, 1, 0, 2.39%, 0, 0, 6, 4.00
1500357016, 134, 13, 23, 1, 0, 2.39%, 0, 0, 6, 3.98
1500357021, 134, 16, 23, 1, 0, 2.39%, 0, 0, 6, 3.92
1500357098, 134, 22, 23, 1, 0, 2.39%, 0, 0, 6, 3.91
1500357123, 135, 13, 23, 0, 0, 2.39%, 0, 0, 6, 4.02
1500357128, 136, 0, 23, 0, 0, 2.39%, 0, 0, 6, 3.99
1500357180, 136, 2, 23, 0, 0, 2.39%, 0, 0, 6, 3.95
1500357231, 136, 12, 23, 0, 0, 2.39%, 0, 0, 6, 3.97
1500357241, 136, 13, 23, 0, 0, 2.39%, 0, 0, 6, 3.92
1500357246, 137, 4, 23, 0, 0, 2.39%, 0, 0, 6, 3.98
1500357267, 137, 4, 24, 1, 0, 2.39%, 0, 0, 6, 3.92
1500357318, 137, 13, 24, 1, 0, 2.39%, 0, 0, 6, 4.06
1500357323, 138, 13, 24, 1, 0, 2.39%, 0, 0, 6, 3.98
1500357333, 138, 22, 24, 1, 0, 2.39%, 0, 0, 6, 4.07
1500357359, 139, 13, 24, 1, 0, 2.39%, 0, 0, 6, 3.97
1500357364, 140, 1, 24, 1, 0, 2.39%, 0, 0, 6, 4.05
1500357431, 140, 3, 24, 1, 0, 2.39%, 0, 0, 6, 3.92
1500357497, 140, 13, 24, 1, 0, 2.39%, 0, 0, 6, 4.03
1500357502, 141, 13, 24, 1, 0, 2.39%, 0, 0, 6, 4.03
1500357507, 141, 21, 24, 1, 0, 2.39%, 0, 0, 6, 4.01
1500357595, 142, 2, 24, 1, 0, 2.39%, 0, 0, 6, 3.93
1500357666, 142, 4, 24, 1, 0, 2.39%, 0, 0, 6, 3.94
1500357727, 142, 13, 24, 1, 0, 2.39%, 0, 0, 6, 4.07
1500357737, 142, 14, 24, 1, 0, 2.39%, 0, 0, 6, 4.05
1500357798, 142, 17, 24, 1, 0, 2.39%, 0, 0, 6, 3.98
1500357870, 142, 23, 24, 1, 0, 2.39%, 0, 0, 6, 4.04
1500357952, 143, 5, 24, 0, 0, 2.39%, 0, 0, 6, 4.02
1500358013, 143, 13, 24, 0, 0, 2.39%, 0, 0, 6, 4.06
1500358018, 143, 15, 24, 0, 0, 2.39%, 0, 0, 6, 4.03
1500358059, 143, 15, 25, 1, 0, 2.39%, 0, 0, 7, 3.90
1500358218, 143, 21, 25, 1, 0, 2.39%, 0, 0, 7, 3.98
1500358305, 144, 13, 25, 1, 0, 2.39%, 0, 0, 7, 4.06
1500358310, 144, 16, 25, 1, 0, 2.39%, 0, 0, 7, 4.03
1500358392, 145, 13, 25, 1, 0, 2.39%, 0, 0, 7, 3.97
1500358403, 145, 24, 25, 1, 0, 2.39%, 0, 0, 7, 3.97
1500358540, 146, 8, 25, 0, 0, 2.39%, 0, 0, 7, 3.93
1500358550, 146, 8, 26, 1, 0, 2.39%, 0, 0, 7, 3.95
1500358622, 146, 13, 26, 1, 0, 2.39%, 0, 0, 7, 3.96
1500358627, 147, 13, 26, 1, 0, 2.39%, 0, 0, 7, 3.96
1500358637, 147, 14, 26, 1, 0, 2.39%, 0, 0, 7, 3.88
1500358703, 148, 13, 26, 1, 0, 2.39%, 0, 0, 7, 4.07
1500358708, 148, 21, 26, 1, 0, 2.39%, 0, 0, 7, 4.00
1500358785, 148, 24, 26, 1, 0, 2.39%, 0, 0, 7, 4.01
1500358928, 149, 9, 26, 1, 0, 2.39%, 0, 0, 7, 3.89
1500359004, 149, 13, 26, 1, 0, 2.39%, 0, 0, 7, 4.06
1500359009, 149, 18, 26, 1, 0, 2.39%, 0, 0, 7, 3.97
1500359061, 150, 13, 26, 1, 0, 2.39%, 0, 0, 7, 4.01
1500359066, 151, 3, 26, 1, 0, 2.39%, 0, 0, 7, 3.95
1500359127, 151, 13, 26, 1, 0, 2.39%, 0, 0, 7, 4.01
1500359138, 151, 16, 26, 1, 0, 2.39%, 0, 0, 7, 3.93
1500359219, 152, 0, 26, 1, 0, 2.39%, 0, 0, 7, 3.97
1500359286, 152, 6, 26, 1, 0, 2.39%, 0, 0, 7, 4.01
1500359352, 152, 13, 26, 1, 0, 2.39%, 0, 0, 7, 3.95
1500359357, 153, 13, 26, 1, 0, 2.39%, 0, 0, 7, 3.99
1500359368, 153, 15, 26, 1, 0, 2.39%, 0, 0, 7, 4.01
1500359505, 154, 10, 26, 1, 0, 2.39%, 0, 0, 7, 3.97
1500359572, 154, 13, 26, 1, 0, 2.39%, 0, 0, 7, 3.99
1500359577, 155, 7, 26, 1, 0, 2.39%, 0, 0, 7, 4.06
1500359638, 155, 10, 27, 2, 0, 2.39%, 0, 0, 7, 3.96
1500359725, 155, 13, 27, 2, 0, 2.39%, 0, 0, 7, 3.98
1500359736, 155, 16, 27, 2, 0, 2.39%, 0, 0, 7, 4.06
1500359819, 155, 20, 27, 2, 0, 2.39%, 0, 0, 7, 3.98
1500359962, 155, 25, 27, 2, 0, 2.39%, 0, 0, 7, 3.99
1500360101, 156, 13, 27, 1, 0, 2.39%, 0, 0, 7, 3.95
1500360111, 156, 20, 27, 1, 0, 2.39%, 0, 0, 7, 3.96
1500360239, 157, 13, 27, 1, 0, 2.39%, 0, 0, 7, 3.94
1500360244, 157, 23, 27, 1, 0, 2.39%, 0, 0, 7, 4.04
1500360330, 158, 2, 27, 1, 0, 2.39%, 0, 0, 7, 4.03
1500360397, 158, 13, 27, 1, 0, 2.39%, 0, 0, 7, 3.89
1500360402, 158, 20, 27, 1, 0, 2.39%, 0, 0, 7, 3.92
1500360535, 159, 13, 28, 2, 0, 2.39%, 0, 0, 7, 3.93
1500360551, 159, 17, 28, 2, 0, 2.39%, 0, 0, 7, 3.87
1500360632, 160, 13, 28, 2, 0, 2.39%, 0, 0, 7, 3.97
1500360637, 160, 26, 28, 2, 0, 2.39%, 0, 0, 7, 3.97
1500360796, 161, 13, 28, 1, 0, 2.39%, 0, 0, 7, 3.98
1500360801, 161, 21, 28, 1, 0, 2.39%, 0, 0, 7, 3.90
1500360883, 162, 1, 28, 1, 0, 2.39%, 0, 0, 7, 4.00
1500360949, 162, 13, 28, 1, 0, 2.39%, 0, 0, 7, 3.99
1500360954, 162, 27, 28, 1, 0, 2.39%, 0, 0, 7, 3.99
1500360980, 163, 5, 28, 0, 0, 2.39%, 0, 0, 7, 3.92
1500361041, 163, 8, 28, 0, 0, 2.39%, 0, 0, 7, 3.92
1500361113, 163, 13, 28, 0, 0, 2.39%, 0, 0, 7, 3.89
1500361118, 163, 21, 28, 0, 0, 2.39%, 0, 0, 7, 3.95
1500361194, 164, 13, 28, 0, 0, 2.39%, 0, 0, 7, 3.93
1500361199, 164, 19, 28, 0, 0, 2.39%, 0, 0, 7, 4.00
1500361251, 165, 1, 28, 0, 0, 2.39%, 0, 0, 7, 3.99
1500361317, 165, 13, 28, 0, 0, 2.39%, 0, 0, 7, 4.01
1500361327, 166, 2, 28, 0, 0, 2.39%, 0, 0, 7, 3.93
1500361394, 166, 13, 28, 0, 0, 2.39%, 0, 0, 7, 3.99
1500361399, 166, 17, 28, 0, 0, 2.39%, 0, 0, 7, 4.00
1500361475, 167, 13, 28, 0, 0, 2.39%, 0, 0, 7, 3.98
1500361485, 168, 1, 28, 0, 0, 2.39%, 0, 0, 7, 4.00
1500361551, 168, 13, 28, 0, 0, 2.39%, 0, 0, 7, 4.02
1500361562, 169, 13, 28, 0, 0, 2.39%, 0, 0, 7, 3.99
1500361567, 169, 18, 28, 0, 0, 2.39%, 0, 0, 7, 4.05
1500361618, 170, 13, 28, 0, 0, 2.39%, 0, 0, 7, 3.94
1500361623, 171, 13, 28, 0, 0, 2.39%, 0, 0, 7, 3.99
1500361628, 171, 17, 28, 0, 0, 2.39%, 0, 0, 7, 3.75
1500361715, 171, 19, 28, 0, 0, 2.39%, 0, 0, 7, 4.14
1500361766, 172, 0, 28, 0, 0, 2.39%, 0, 0, 7, 4.03
1500361832, 172, 13, 28, 0, 0, 2.39%, 0, 0, 7, 3.99
1500361838, 173, 9, 28, 0, 0, 2.39%, 0, 0, 7, 3.97
1500361904, 173, 13, 28, 0, 0, 2.39%, 0, 0, 7, 3.89
1500361909, 174, 13, 28, 0, 0, 2.39%, 0, 0, 7, 3.96
1500361914, 174, 22, 28, 0, 0, 2.39%, 0, 0, 7, 4.07
1500361940, 175, 9, 28, 0, 0, 2.39%, 0, 0, 7, 3.95
1500362011, 175, 13, 28, 0, 0, 2.39%, 0, 0, 7, 3.96
1500362017, 176, 13, 28, 0, 0, 2.39%, 0, 0, 7, 4.00
1500362022, 176, 16, 28, 0, 0, 2.39%, 0, 0, 7, 3.93
1500362108, 177, 13, 28, 0, 0, 2.39%, 0, 0, 7, 3.88
1500362113, 177, 17, 28, 0, 0, 2.39%, 0, 0, 7, 3.90
1500362190, 177, 21, 28, 0, 0, 2.39%, 0, 0, 7, 4.03
1500362277, 177, 27, 28, 0, 0, 2.39%, 0, 0, 7, 3.98
1500362302, 178, 7, 28, 0, 0, 2.39%, 0, 0, 7, 3.93
1500362359, 178, 13, 28, 0, 0, 2.39%, 0, 0, 7, 4.10
1500362364, 178, 15, 28, 0, 0, 2.39%, 0, 0, 7, 4.05
1500362440, 179, 13, 28, 0, 0, 2.39%, 0, 0, 7, 3.99
1500362445, 180, 13, 28, 0, 0, 2.39%, 0, 0, 7, 3.99
1500362456, 181, 13, 28, 0, 0, 2.39%, 0, 0, 7, 3.96
1500362461, 182, 13, 28, 0, 0, 2.39%, 0, 0, 7, 4.05
1500362466, 183, 13, 28, 0, 0, 2.39%, 0, 0, 7, 4.01
1500362471, 183, 23, 28, 0, 0, 2.39%, 0, 0, 7, 3.99
1500362552, 184, 8, 28, 0, 0, 2.39%, 0, 0, 7, 4.04
1500362619, 184, 13, 28, 0, 0, 2.39%, 0, 0, 7, 3.96
1500362629, 185, 13, 28, 0, 0, 2.39%, 0, 0, 7, 3.96
1500362634, 186, 1, 28, 0, 0, 2.39%, 0, 0, 7, 4.02
1500362695, 186, 7, 28, 0, 0, 2.39%, 0, 0, 7, 3.96
1500362752, 186, 13, 28, 0, 0, 2.39%, 0, 0, 7, 4.06
1500362762, 187, 7, 28, 0, 0, 2.39%, 0, 0, 7, 3.87
1500362818, 187, 8, 28, 0, 0, 2.39%, 0, 0, 7, 3.99
1500362869, 187, 10, 28, 0, 0, 2.39%, 0, 0, 7, 4.01
1500362947, 187, 13, 28, 0, 0, 2.39%, 0, 0, 7, 4.01
1500362952, 187, 21, 28, 0, 0, 2.39%, 0, 0, 7, 4.01
1500363038, 187, 25, 28, 0, 0, 2.39%, 0, 0, 7, 4.00
1500363171, 188, 13, 28, 0, 0, 2.39%, 0, 0, 7, 3.90
1500363176, 189, 13, 28, 0, 0, 2.39%, 0, 0, 7, 3.97
1500363181, 189, 13, 29, 1, 0, 2.39%, 0, 0, 7, 3.88
1500363191, 189, 19, 29, 1, 0, 2.39%, 0, 0, 7, 3.91
1500363243, 189, 24, 29, 1, 0, 2.39%, 0, 0, 7, 3.96
1500363385, 190, 13, 29, 1, 0, 2.39%, 0, 0, 7, 4.00
1500363390, 190, 16, 29, 1, 0, 2.39%, 0, 0, 7, 4.04
1500363473, 191, 1, 29, 1, 0, 2.39%, 0, 0, 7, 3.98
1500363539, 191, 10, 29, 1, 0, 2.39%, 0, 0, 7, 4.00
1500363589, 191, 13, 29, 1, 0, 2.39%, 0, 0, 7, 3.98
1500363595, 192, 13, 29, 1, 0, 2.39%, 0, 0, 7, 3.87
1500363605, 193, 9, 29, 1, 0, 2.39%, 0, 0, 7, 3.95
1500363672, 193, 13, 29, 1, 0, 2.39%, 0, 0, 7, 3.99
1500363677, 193, 20, 29, 1, 0, 2.39%, 0, 0, 7, 3.96
1500363795, 194, 8, 29, 1, 0, 2.39%, 0, 0, 7, 4.00
1500363866, 194, 13, 29, 1, 0, 2.39%, 0, 0, 7, 4.00
1500363871, 194, 16, 29, 1, 0, 2.39%, 0, 0, 7, 3.96
1500363938, 194, 25, 29, 1, 0, 2.39%, 0, 0, 7, 3.92
1500364075, 194, 26, 29, 1, 0, 2.39%, 0, 0, 7, 3.92
1500364194, 195, 7, 29, 1, 0, 2.39%, 0, 0, 7, 3.99
1500364240, 195, 7, 30, 2, 0, 2.39%, 0, 0, 7, 3.98
1500364255, 195, 13, 30, 2, 0, 2.39%, 0, 0, 7, 4.00
1500364260, 195, 14, 30, 2, 0, 2.39%, 0, 0, 7, 3.98
1500364327, 195, 18, 30, 2, 0, 2.39%, 0, 0, 7, 3.97
1500364377, 196, 1, 30, 2, 0, 2.39%, 0, 0, 7, 3.98
1500364444, 196, 10, 30, 2, 0, 2.39%, 0, 0, 7, 3.95
1500364521, 196, 13, 30, 2, 0, 2.39%, 0, 0, 7, 3.96
1500364526, 196, 29, 30, 2, 0, 2.39%, 0, 0, 7, 3.97
1500364669, 197, 0, 30, 1, 0, 2.39%, 0, 0, 7, 3.98
1500364735, 197, 1, 30, 1, 0, 2.39%, 0, 0, 7, 3.98
1500364802, 197, 13, 30, 1, 0, 2.39%, 0, 0, 7, 3.94
1500364807, 197, 23, 30, 1, 0, 2.39%, 0, 0, 7, 3.95
1500364883, 198, 7, 30, 1, 0, 2.39%, 0, 0, 7, 4.00
1500364945, 198, 13, 30, 1, 0, 2.39%, 0, 0, 7, 4.02
1500364955, 199, 8, 30, 1, 0, 2.39%, 0, 0, 7, 4.09
1500365017, 199, 13, 30, 1, 0, 2.39%, 0, 0, 7, 3.92
1500365022, 200, 4, 30, 1, 0, 2.39%, 0, 0, 7, 3.96
1500365088, 200, 13, 30, 1, 0, 2.39%, 0, 0, 7, 3.98
1500365093, 200, 15, 30, 1, 0, 2.39%, 0, 0, 7, 3.96
1500365169, 201, 13, 30, 1, 0, 2.39%, 0, 0, 7, 3.94
1500365175, 201, 29, 30, 1, 0, 2.39%, 0, 0, 7, 3.92
1500365323, 202, 3, 30, 1, 0, 2.39%, 0, 0, 7, 4.02
1500365389, 202, 13, 30, 1, 0, 2.39%, 0, 0, 7, 4.01
1500365394, 202, 29, 30, 1, 0, 2.39%, 0, 0, 7, 3.97
1500365537, 203, 3, 30, 1, 0, 2.39%, 0, 0, 7, 4.20
1500365604, 203, 9, 30, 1, 0, 2.39%, 0, 0, 7, 4.01
1500365676, 203, 13, 30, 1, 0, 2.39%, 0, 0, 7, 3.95
1500365681, 204, 8, 30, 1, 0, 2.39%, 0, 0, 7, 3.98
1500365758, 204, 11, 30, 1, 0, 2.39%, 0, 0, 7, 3.96
1500365814, 204, 13, 30, 1, 0, 2.39%, 0, 0, 7, 3.95
1500365819, 204, 25, 30, 1, 0, 2.39%, 0, 0, 7, 3.97
1500365962, 204, 28, 30, 1, 0, 2.39%, 0, 0, 7, 3.94
1500365988, 205, 13, 30, 0, 0, 2.39%, 0, 0, 7, 3.95
1500365993, 205, 20, 30, 0, 0, 2.39%, 0, 0, 7, 3.99
1500366142, 206, 13, 30, 0, 0, 2.39%, 0, 0, 7, 3.96
1500366147, 207, 13, 30, 0, 0, 2.39%, 0, 0, 7, 3.98
1500366152, 208, 13, 30, 0, 0, 2.39%, 0, 0, 7, 3.95
1500366162, 209, 0, 30, 0, 0, 2.39%, 0, 0, 7, 3.95
1500366224, 209, 13, 30, 0, 0, 2.39%, 0, 0, 7, 3.89
1500366234, 209, 17, 30, 0, 0, 2.39%, 0, 0, 7, 3.99
1500366321, 210, 13, 30, 0, 0, 2.39%, 0, 0, 7, 3.98
1500366326, 211, 7, 30, 0, 0, 2.39%, 0, 0, 7, 4.02
1500366372, 211, 8, 30, 0, 0, 2.39%, 0, 0, 7, 3.90
1500366433, 211, 13, 30, 0, 0, 2.39%, 0, 0, 7, 3.97
1500366438, 211, 26, 30, 0, 0, 2.39%, 0, 0, 7, 4.08
1500366571, 212, 13, 30, 0, 0, 2.39%, 0, 0, 7, 3.89
1500366581, 213, 7, 30, 0, 0, 2.39%, 0, 0, 7, 3.98
1500366637, 213, 13, 30, 0, 0, 2.39%, 0, 0, 7, 3.84
1500366643, 214, 4, 30, 0, 0, 2.39%, 0, 0, 7, 3.98
1500366705, 214, 13, 30, 0, 0, 2.39%, 0, 0, 7, 4.00
1500366715, 215, 13, 30, 0, 0, 2.39%, 0, 0, 7, 4.02
1500366720, 215, 23, 30, 0, 0, 2.39%, 0, 0, 7, 3.98
1500366802, 216, 2, 30, 0, 0, 2.39%, 0, 0, 7, 4.05
1500366858, 216, 13, 30, 0, 0, 2.39%, 0, 0, 7, 3.91
1500366868, 216, 17, 30, 0, 0, 2.39%, 0, 0, 7, 3.92
1500366945, 216, 25, 30, 0, 0, 2.39%, 0, 0, 7, 3.90
1500367073, 216, 27, 30, 0, 0, 2.39%, 0, 0, 7, 3.90
1500367098, 217, 0, 30, 0, 0, 2.39%, 0, 0, 7, 3.97
1500367165, 217, 13, 30, 0, 0, 2.39%, 0, 0, 7, 3.99
1500367170, 217, 15, 30, 0, 0, 2.39%, 0, 0, 7, 4.03
1500367236, 217, 18, 30, 0, 0, 2.39%, 0, 0, 7, 3.95
1500367287, 217, 21, 30, 0, 0, 2.39%, 0, 0, 7, 3.96
1500367369, 217, 26, 30, 0, 0, 2.39%, 0, 0, 7, 4.02
1500367502, 218, 11, 30, 0, 0, 2.39%, 0, 0, 7, 3.98
1500367569, 218, 13, 30, 0, 0, 2.39%, 0, 0, 7, 3.94
1500367574, 218, 18, 30, 0, 0, 2.39%, 0, 0, 7, 4.02
1500367625, 218, 21, 30, 0, 0, 2.39%, 0, 0, 7, 3.95
1500367707, 219, 1, 30, 0, 0, 2.39%, 0, 0, 7, 4.03
1500367773, 219, 4, 30, 0, 0, 2.39%, 0, 0, 7, 3.98
1500367834, 219, 13, 30, 0, 0, 2.39%, 0, 0, 7, 4.07
1500367840, 220, 13, 30, 0, 0, 2.39%, 0, 0, 7, 3.98
1500367845, 221, 5, 30, 0, 0, 2.39%, 0, 0, 7, 3.93
1500367901, 221, 10, 30, 0, 0, 2.39%, 0, 0, 7, 3.92
1500367972, 221, 13, 30, 0, 0, 2.39%, 0, 0, 7, 3.85
1500367977, 222, 13, 30, 0, 0, 2.39%, 0, 0, 7, 4.02
1500367982, 222, 20, 30, 0, 0, 2.39%, 0, 0, 7, 4.00
1500368125, 223, 13, 30, 0, 0, 2.39%, 0, 0, 7, 3.97
1500368130, 223, 19, 30, 0, 0, 2.39%, 0, 0, 7, 3.97
1500368181, 223, 25, 30, 0, 0, 2.39%, 0, 0, 7, 3.99
1500368319, 223, 29, 30, 0, 0, 2.39%, 0, 0, 7, 3.93
1500368431, 224, 13, 30, 0, 0, 2.39%, 0, 0, 7, 3.96
1500368436, 225, 13, 30, 0, 0, 2.39%, 0, 0, 7, 3.99
1500368447, 226, 9, 30, 0, 0, 2.39%, 0, 0, 7, 3.96
1500368518, 226, 13, 30, 0, 0, 2.39%, 0, 0, 7, 3.95
1500368523, 227, 13, 30, 0, 0, 2.39%, 0, 0, 7, 4.01
1500368533, 227, 20, 30, 0, 0, 2.39%, 0, 0, 7, 3.98
1500368666, 227, 27, 30, 0, 0, 2.39%, 0, 0, 7, 3.94
1500368692, 228, 13, 30, 0, 0, 2.39%, 0, 0, 7, 3.93
1500368697, 228, 18, 30, 0, 0, 2.39%, 0, 0, 7, 4.02
1500368748, 229, 4, 30, 0, 0, 2.39%, 0, 0, 7, 3.90
1500368815, 229, 13, 30, 0, 0, 2.39%, 0, 0, 7, 3.95
1500368825, 230, 13, 30, 0, 0, 2.39%, 0, 0, 7, 3.97
1500368830, 231, 3, 30, 0, 0, 2.39%, 0, 0, 7, 3.99
1500368897, 231, 8, 30, 0, 0, 2.39%, 0, 0, 7, 4.01
1500368969, 231, 13, 30, 0, 0, 2.39%, 0, 0, 7, 4.03
1500368974, 232, 13, 30, 0, 0, 2.39%, 0, 0, 7, 4.02
1500368984, 232, 25, 30, 0, 0, 2.39%, 0, 0, 7, 4.01
1500369117, 232, 28, 30, 0, 0, 2.39%, 0, 0, 7, 3.97
1500369142, 233, 13, 30, 0, 0, 2.39%, 0, 0, 7, 3.96
1500369147, 233, 24, 30, 0, 0, 2.39%, 0, 0, 7, 3.87
1500369291, 234, 13, 30, 0, 0, 2.39%, 0, 0, 7, 4.02
1500369296, 235, 8, 30, 0, 0, 2.39%, 0, 0, 7, 3.97
1500369367, 235, 11, 30, 0, 0, 2.39%, 0, 0, 7, 3.88
1500369434, 235, 13, 30, 0, 0, 2.39%, 0, 0, 7, 4.03
1500369439, 236, 13, 30, 0, 0, 2.39%, 0, 0, 7, 4.11
1500369444, 236, 19, 30, 0, 0, 2.39%, 0, 0, 7, 4.06
1500369500, 237, 13, 30, 0, 0, 2.39%, 0, 0, 7, 3.92
1500369506, 237, 21, 30, 0, 0, 2.39%, 0, 0, 7, 4.01
1500369588, 238, 13, 30, 0, 0, 2.39%, 0, 0, 7, 3.95
1500369593, 238, 23, 30, 0, 0, 2.39%, 0, 0, 7, 4.01
1500369670, 239, 13, 30, 0, 0, 2.39%, 0, 0, 7, 3.95
1500369680, 240, 5, 30, 0, 0, 2.39%, 0, 0, 7, 3.98
1500369742, 240, 9, 30, 0, 0, 2.39%, 0, 0, 7, 3.99
1500369813, 240, 13, 30, 0, 0, 2.39%, 0, 0, 7, 4.04
1500369819, 240, 20, 30, 0, 0, 2.39%, 0, 0, 7, 3.98
1500369957, 241, 13, 30, 0, 0, 2.39%, 0, 0, 7, 3.98
1500369962, 242, 13, 30, 0, 0, 2.39%, 0, 0, 7, 3.93
1500369972, 243, 13, 30, 0, 0, 2.39%, 0, 0, 7, 4.08
1500369977, 243, 29, 30, 0, 0, 2.39%, 0, 0, 7, 3.97
1500370115, 244, 13, 30, 0, 0, 2.39%, 0, 0, 7, 3.93
1500370120, 245, 13, 30, 0, 0, 2.39%, 0, 0, 7, 3.96
1500370130, 246, 2, 30, 0, 0, 2.39%, 0, 0, 7, 4.01
1500370197, 246, 6, 30, 0, 0, 2.39%, 0, 0, 7, 3.99
1500370263, 246, 13, 30, 0, 0, 2.39%, 0, 0, 7, 4.02
1500370268, 247, 12, 30, 0, 0, 2.39%, 0, 0, 7, 3.96
1500370274, 247, 13, 30, 0, 0, 2.39%, 0, 0, 7, 4.04
1500370279, 247, 16, 30, 0, 0, 2.39%, 0, 0, 7, 3.98
1500370341, 248, 3, 30, 0, 0, 2.39%, 0, 0, 7, 4.01
1500370407, 248, 13, 30, 0, 0, 2.39%, 0, 0, 7, 3.98
1500370417, 249, 13, 30, 0, 0, 2.39%, 0, 0, 7, 3.98
1500370422, 250, 11, 30, 0, 0, 2.39%, 0, 0, 7, 3.99
1500370489, 250, 12, 30, 0, 0, 2.39%, 0, 0, 7, 4.09
1500370494, 250, 13, 30, 0, 0, 2.39%, 0, 0, 7, 3.95
1500370499, 251, 13, 30, 0, 0, 2.39%, 0, 0, 7, 3.97
1500370510, 251, 15, 30, 0, 0, 2.39%, 0, 0, 7, 3.92
1500370566, 252, 13, 30, 0, 0, 2.39%, 0, 0, 7, 4.00
1500370571, 253, 0, 30, 0, 0, 2.39%, 0, 0, 7, 3.86
1500370638, 253, 13, 30, 0, 0, 2.39%, 0, 0, 7, 4.01
1500370648, 253, 14, 30, 0, 0, 2.39%, 0, 0, 7, 3.98
1500370705, 254, 10, 30, 0, 0, 2.39%, 0, 0, 7, 3.89
1500370771, 254, 13, 30, 0, 0, 2.39%, 0, 0, 7, 4.01
1500370776, 254, 16, 30, 0, 0, 2.39%, 0, 0, 7, 4.00
1500370853, 255, 11, 30, 0, 0, 2.39%, 0, 0, 7, 4.11
1500370909, 255, 13, 30, 0, 0, 2.39%, 0, 0, 7, 3.95
1500370914, 255, 20, 30, 0, 0, 2.39%, 0, 0, 7, 3.92
1500371057, 256, 7, 30, 0, 0, 2.39%, 0, 0, 7, 3.96
1500371113, 256, 13, 30, 0, 0, 2.39%, 0, 0, 7, 3.96
1500371118, 256, 21, 30, 0, 0, 2.39%, 0, 0, 7, 3.96
1500371200, 256, 29, 30, 0, 0, 2.39%, 0, 0, 7, 3.94
1500371317, 257, 7, 30, 0, 0, 2.39%, 0, 0, 7, 3.93
1500371373, 257, 13, 30, 0, 0, 2.39%, 0, 0, 7, 3.96
1500371384, 257, 14, 30, 0, 0, 2.39%, 0, 0, 7, 3.96
1500371435, 258, 13, 30, 0, 0, 2.39%, 0, 0, 7, 3.93
1500371445, 258, 26, 30, 0, 0, 2.39%, 0, 0, 7, 3.93
1500371573, 258, 29, 30, 0, 0, 2.39%, 0, 0, 7, 3.92
1500371685, 259, 8, 30, 0, 0, 2.39%, 0, 0, 7, 4.10
1500371757, 259, 13, 30, 0, 0, 2.39%, 0, 0, 7, 3.96
1500371762, 260, 2, 30, 0, 0, 2.39%, 0, 0, 7, 4.00
1500371828, 260, 9, 30, 0, 0, 2.39%, 0, 0, 7, 3.94
1500371884, 260, 13, 30, 0, 0, 2.39%, 0, 0, 7, 3.97
1500371894, 260, 14, 30, 0, 0, 2.39%, 0, 0, 7, 4.05
1500371950, 261, 13, 30, 0, 0, 2.39%, 0, 0, 7, 3.93
1500371955, 262, 13, 30, 0, 0, 2.39%, 0, 0, 7, 3.96
1500371966, 263, 13, 30, 0, 0, 2.39%, 0, 0, 7, 3.96
1500371971, 263, 26, 30, 0, 0, 2.39%, 0, 0, 7, 3.92
1500372093, 264, 9, 30, 0, 0, 2.39%, 0, 0, 7, 3.91
1500372160, 264, 13, 30, 0, 0, 2.39%, 0, 0, 7, 3.87
1500372170, 264, 19, 30, 0, 0, 2.39%, 0, 0, 7, 3.97
1500372221, 264, 21, 30, 0, 0, 2.39%, 0, 0, 7, 3.96
1500372303, 265, 0, 30, 0, 0, 2.39%, 0, 0, 7, 3.94
1500372364, 265, 1, 30, 0, 0, 2.39%, 0, 0, 7, 3.91
1500372435, 265, 3, 30, 0, 0, 2.39%, 0, 0, 7, 4.00
1500372502, 265, 13, 30, 0, 0, 2.39%, 0, 0, 7, 3.97
1500372507, 265, 16, 30, 0, 0, 2.39%, 0, 0, 7, 4.01
1500372584, 265, 19, 30, 0, 0, 2.39%, 0, 0, 7, 3.97
1500372635, 266, 11, 30, 0, 0, 2.39%, 0, 0, 7, 3.99
1500372696, 266, 13, 30, 0, 0, 2.39%, 0, 0, 7, 4.06
1500372701, 266, 18, 30, 0, 0, 2.39%, 0, 0, 7, 4.06
1500372758, 267, 0, 30, 0, 0, 2.39%, 0, 0, 7, 3.93
1500372824, 267, 13, 30, 0, 0, 2.39%, 0, 0, 7, 3.93
1500372830, 267, 23, 30, 0, 0, 2.39%, 0, 0, 7, 3.82
1500372901, 268, 13, 30, 0, 0, 2.39%, 0, 0, 7, 3.92
1500372911, 269, 13, 30, 0, 0, 2.39%, 0, 0, 7, 3.94
1500372917, 269, 17, 30, 0, 0, 2.39%, 0, 0, 7, 3.94
1500372993, 270, 13, 30, 0, 0, 2.39%, 0, 0, 7, 3.80
1500373003, 270, 19, 30, 0, 0, 2.39%, 0, 0, 7, 3.94
1500373055, 270, 28, 30, 0, 0, 2.39%, 0, 0, 7, 4.02
1500373080, 271, 10, 30, 0, 0, 2.39%, 0, 0, 7, 4.00
1500373141, 271, 13, 30, 0, 0, 2.39%, 0, 0, 7, 3.93
1500373146, 271, 15, 30, 0, 0, 2.39%, 0, 0, 7, 3.94
1500373218, 272, 13, 30, 0, 0, 2.39%, 0, 0, 7, 3.95
1500373223, 272, 19, 30, 0, 0, 2.39%, 0, 0, 7, 4.00
1500373274, 273, 13, 30, 0, 0, 2.39%, 0, 0, 7, 4.07
1500373279, 273, 23, 30, 0, 0, 2.39%, 0, 0, 7, 4.04
1500373361, 274, 13, 30, 0, 0, 2.39%, 0, 0, 7, 3.98
1500373366, 274, 18, 30, 0, 0, 2.39%, 0, 0, 7, 4.01
1500373417, 275, 2, 30, 0, 0, 2.39%, 0, 0, 7, 4.00
1500373479, 275, 13, 30, 0, 0, 2.39%, 0, 0, 7, 3.86
1500373484, 276, 13, 30, 0, 0, 2.39%, 0, 0, 7, 3.87
1500373494, 276, 29, 30, 0, 0, 2.39%, 0, 0, 7, 3.91
1500373627, 277, 13, 30, 0, 0, 2.39%, 0, 0, 7, 3.93
1500373632, 277, 16, 30, 0, 0, 2.39%, 0, 0, 7, 3.88
1500373688, 278, 13, 30, 0, 0, 2.39%, 0, 0, 7, 3.88
1500373693, 278, 26, 30, 0, 0, 2.39%, 0, 0, 7, 3.95
1500373842, 279, 13, 30, 0, 0, 2.39%, 0, 0, 7, 4.00
1500373847, 280, 13, 30, 0, 0, 2.39%, 0, 0, 7, 3.97
1500373852, 281, 13, 30, 0, 0, 2.39%, 0, 0, 7, 3.99
1500373862, 282, 13, 30, 0, 0, 2.39%, 0, 0, 7, 4.07
1500373867, 282, 26, 30, 0, 0, 2.39%, 0, 0, 7, 3.97
1500373995, 283, 13, 30, 0, 0, 2.39%, 0, 0, 7, 3.99
1500374000, 284, 13, 30, 0, 0, 2.39%, 0, 0, 7, 3.95
1500374005, 284, 15, 30, 0, 0, 2.39%, 0, 0, 7, 4.00
1500374082, 285, 13, 30, 0, 0, 2.39%, 0, 0, 7, 4.08
1500374087, 285, 25, 30, 0, 0, 2.39%, 0, 0, 7, 4.04
1500374225, 286, 13, 30, 0, 0, 2.39%, 0, 0, 7, 4.08
1500374235, 286, 23, 30, 0, 0, 2.39%, 0, 0, 7, 3.95
1500374312, 287, 13, 30, 0, 0, 2.39%, 0, 0, 7, 3.99
1500374317, 287, 18, 30, 0, 0, 2.39%, 0, 0, 7, 3.97
1500374373, 288, 13, 30, 0, 0, 2.39%, 0, 0, 7, 3.96
1500374378, 289, 13, 30, 0, 0, 2.39%, 0, 0, 7, 3.93
1500374383, 289, 13, 31, 1, 0, 2.39%, 0, 0, 7, 3.99
1500374393, 289, 16, 31, 1, 0, 2.39%, 0, 0, 7, 3.98
1500374454, 289, 27, 31, 1, 0, 2.39%, 0, 0, 7, 3.97
1500374480, 290, 13, 31, 1, 0, 2.39%, 0, 0, 7, 4.02
1500374485, 290, 18, 31, 1, 0, 2.39%, 0, 0, 7, 3.96
1500374536, 290, 27, 31, 1, 0, 2.39%, 0, 0, 7, 3.93
1500374562, 291, 2, 31, 1, 0, 2.39%, 0, 0, 7, 3.98
1500374628, 291, 12, 31, 1, 0, 2.39%, 0, 0, 7, 3.97
1500374633, 291, 13, 31, 1, 0, 2.39%, 0, 0, 7, 3.98
1500374638, 292, 13, 31, 1, 0, 2.39%, 0, 0, 7, 4.00
1500374643, 293, 4, 31, 1, 0, 2.39%, 0, 0, 7, 3.95
1500374705, 293, 7, 31, 1, 0, 2.39%, 0, 0, 7, 3.97
1500374761, 293, 13, 31, 1, 0, 2.39%, 0, 0, 7, 3.93
1500374771, 294, 13, 31, 1, 0, 2.39%, 0, 0, 7, 3.99
1500374776, 294, 26, 31, 1, 0, 2.39%, 0, 0, 7, 3.99
1500374909, 294, 30, 31, 1, 0, 2.39%, 0, 0, 7, 3.84
1500374996, 295, 9, 31, 0, 0, 2.39%, 0, 0, 7, 3.96
1500375067, 295, 13, 31, 0, 0, 2.39%, 0, 0, 7, 4.13
1500375072, 296, 9, 31, 0, 0, 2.39%, 0, 0, 7, 4.03
1500375149, 296, 13, 31, 0, 0, 2.39%, 0, 0, 7, 4.01
1500375154, 296, 29, 31, 0, 0, 2.39%, 0, 0, 7, 3.91
1500375297, 296, 30, 31, 0, 0, 2.39%, 0, 0, 7, 3.95
1500375369, 297, 1, 31, 0, 0, 2.39%, 0, 0, 7, 3.89
1500375430, 297, 13, 31, 0, 0, 2.39%, 0, 0, 7, 3.99
1500375441, 297, 29, 31, 0, 0, 2.39%, 0, 0, 7, 4.00
1500375583, 298, 7, 31, 0, 0, 2.39%, 0, 0, 7, 3.98
1500375644, 298, 13, 31, 0, 0, 2.39%, 0, 0, 7, 4.10
1500375654, 299, 13, 31, 0, 0, 2.39%, 0, 0, 7, 4.03
1500375660, 299, 21, 31, 0, 0, 2.39%, 0, 0, 7, 3.95
1500375736, 300, 6, 31, 0, 0, 2.39%, 0, 0, 7, 3.97
1500375802, 300, 13, 31, 0, 0, 2.39%, 0, 0, 7, 4.00
1500375812, 300, 17, 31, 0, 0, 2.39%, 0, 0, 7, 3.96
1500375884, 301, 6, 31, 0, 0, 2.39%, 0, 0, 7, 3.93
1500375945, 301, 12, 31, 0, 0, 2.39%, 0, 0, 7, 3.94
1500375950, 301, 13, 31, 0, 0, 2.39%, 0, 0, 7, 3.94
1500375955, 302, 5, 31, 0, 0, 2.39%, 0, 0, 7, 3.97
1500376027, 302, 13, 31, 0, 0, 2.39%, 0, 0, 7, 4.10
1500376032, 302, 24, 31, 0, 0, 2.39%, 0, 0, 7, 3.95
1500376171, 303, 3, 31, 0, 0, 2.39%, 0, 0, 7, 3.95
1500376232, 303, 13, 31, 0, 0, 2.39%, 0, 0, 7, 4.00
1500376237, 303, 28, 31, 0, 0, 2.39%, 0, 0, 7, 3.98
1500376268, 304, 13, 31, 0, 0, 2.39%, 0, 0, 7, 3.89
1500376273, 304, 22, 31, 0, 0, 2.39%, 0, 0, 7, 3.91
1500376299, 304, 30, 31, 0, 0, 2.39%, 0, 0, 7, 4.01
1500376381, 305, 13, 31, 0, 0, 2.39%, 0, 0, 7, 4.00
1500376387, 306, 0, 31, 0, 0, 2.39%, 0, 0, 7, 4.02
1500376453, 306, 10, 31, 0, 0, 2.39%, 0, 0, 7, 4.05
1500376530, 306, 13, 31, 0, 0, 2.39%, 0, 0, 7, 3.98
1500376535, 307, 13, 31, 0, 0, 2.39%, 0, 0, 7, 3.95
1500376540, 308, 13, 31, 0, 0, 2.39%, 0, 0, 7, 3.87
1500376545, 308, 28, 31, 0, 0, 2.39%, 0, 0, 7, 3.86
1500376571, 309, 3, 31, 0, 0, 2.39%, 0, 0, 7, 3.94
1500376633, 309, 4, 31, 0, 0, 2.39%, 0, 0, 7, 3.93
1500376694, 309, 12, 31, 0, 0, 2.39%, 0, 0, 7, 4.02
1500376699, 309, 13, 31, 0, 0, 2.39%, 0, 0, 7, 4.01
1500376704, 309, 29, 31, 0, 0, 2.39%, 0, 0, 7, 4.01
1500376832, 310, 1, 31, 0, 0, 2.39%, 0, 0, 7, 4.01
1500376899, 310, 7, 31, 0, 0, 2.39%, 0, 0, 7, 3.96
1500376960, 310, 13, 31, 0, 0, 2.39%, 0, 0, 7, 4.00
1500376965, 310, 26, 31, 0, 0, 2.39%, 0, 0, 7, 4.00
1500377098, 311, 13, 31, 0, 0, 2.39%, 0, 0, 7, 3.97
1500377103, 311, 21, 31, 0, 0, 2.39%, 0, 0, 7, 3.96
1500377190, 312, 10, 31, 0, 0, 2.39%, 0, 0, 7, 4.04
1500377262, 312, 13, 31, 0, 0, 2.39%, 0, 0, 7, 3.97
1500377267, 313, 0, 31, 0, 0, 2.39%, 0, 0, 7, 3.97
1500377333, 313, 13, 31, 0, 0, 2.39%, 0, 0, 7, 3.99
1500377339, 314, 4, 31, 0, 0, 2.39%, 0, 0, 7, 3.93
1500377400, 314, 6, 31, 0, 0, 2.39%, 0, 0, 7, 3.96
1500377461, 314, 13, 31, 0, 0, 2.39%, 0, 0, 7, 3.95
1500377471, 314, 19, 31, 0, 0, 2.39%, 0, 0, 7, 4.06
1500377522, 314, 21, 31, 0, 0, 2.39%, 0, 0, 7, 4.09
1500377610, 314, 22, 31, 0, 0, 2.39%, 0, 0, 7, 3.89
1500377635, 315, 10, 31, 0, 0, 2.39%, 0, 0, 7, 3.98
1500377697, 315, 13, 31, 0, 0, 2.39%, 0, 0, 7, 4.02
1500377707, 315, 14, 31, 0, 0, 2.39%, 0, 0, 7, 4.00
1500377768, 315, 24, 31, 0, 0, 2.39%, 0, 0, 7, 3.89
1500377896, 316, 13, 31, 0, 0, 2.39%, 0, 0, 7, 3.98
1500377902, 316, 14, 31, 0, 0, 2.39%, 0, 0, 7, 4.04
1500377963, 317, 13, 31, 0, 0, 2.39%, 0, 0, 7, 3.97
1500377973, 318, 13, 31, 0, 0, 2.39%, 0, 0, 7, 4.06
1500377978, 319, 3, 31, 0, 0, 2.39%, 0, 0, 7, 3.91
1500378044, 319, 13, 31, 0, 0, 2.39%, 0, 0, 7, 4.02
1500378049, 320, 13, 31, 0, 0, 2.39%, 0, 0, 7, 4.01
1500378055, 320, 14, 31, 0, 0, 2.39%, 0, 0, 7, 3.99
1500378116, 321, 10, 31, 0, 0, 2.39%, 0, 0, 7, 3.97
1500378177, 321, 13, 31, 0, 0, 2.39%, 0, 0, 7, 3.98
1500378182, 321, 18, 31, 0, 0, 2.39%, 0, 0, 7, 4.00
1500378233, 321, 23, 31, 0, 0, 2.39%, 0, 0, 7, 4.03
1500378320, 321, 27, 31, 0, 0, 2.39%, 0, 0, 7, 3.92
1500378346, 321, 28, 31, 0, 0, 2.39%, 0, 0, 7, 3.94
1500378371, 322, 1, 31, 0, 0, 2.39%, 0, 0, 7, 4.19
1500378437, 322, 13, 31, 0, 0, 2.39%, 0, 0, 7, 4.00
1500378442, 322, 14, 31, 0, 0, 2.39%, 0, 0, 7, 3.98
1500378509, 323, 10, 31, 0, 0, 2.39%, 0, 0, 7, 3.99
1500378570, 323, 13, 31, 0, 0, 2.39%, 0, 0, 7, 3.98
1500378575, 323, 17, 31, 0, 0, 2.39%, 0, 0, 7, 4.01
1500378656, 324, 13, 31, 0, 0, 2.39%, 0, 0, 7, 3.98
1500378661, 324, 14, 31, 0, 0, 2.39%, 0, 0, 7, 3.96
1500378723, 325, 12, 31, 0, 0, 2.39%, 0, 0, 7, 3.99
1500378728, 325, 13, 31, 0, 0, 2.39%, 0, 0, 7, 3.91
1500378733, 325, 23, 31, 0, 0, 2.39%, 0, 0, 7, 3.98
1500378820, 326, 10, 31, 0, 0, 2.39%, 0, 0, 7, 3.95
1500378891, 326, 13, 31, 0, 0, 2.39%, 0, 0, 7, 3.97
1500378897, 327, 13, 31, 0, 0, 2.39%, 0, 0, 7, 3.92
1500378902, 327, 18, 31, 0, 0, 2.39%, 0, 0, 7, 4.00
1500378953, 328, 3, 31, 0, 0, 2.39%, 0, 0, 7, 3.99
1500379019, 328, 13, 31, 0, 0, 2.39%, 0, 0, 7, 3.97
1500379029, 329, 3, 31, 0, 0, 2.39%, 0, 0, 7, 3.92
1500379091, 329, 13, 31, 0, 0, 2.39%, 0, 0, 7, 3.97
1500379096, 330, 0, 31, 0, 0, 2.39%, 0, 0, 7, 4.02
1500379157, 330, 12, 31, 0, 0, 2.39%, 0, 0, 7, 4.00
1500379167, 330, 13, 31, 0, 0, 2.39%, 0, 0, 7, 3.98
1500379172, 330, 18, 31, 0, 0, 2.39%, 0, 0, 7, 4.00
1500379223, 331, 3, 31, 0, 0, 2.39%, 0, 0, 7, 3.98
1500379289, 331, 11, 31, 0, 0, 2.39%, 0, 0, 7, 3.92
1500379351, 331, 13, 31, 0, 0, 2.39%, 0, 0, 7, 4.02
1500379361, 332, 13, 31, 0, 0, 2.39%, 0, 0, 7, 3.98
1500379366, 332, 18, 31, 0, 0, 2.39%, 0, 0, 7, 3.97
1500379417, 332, 29, 31, 0, 0, 2.39%, 0, 0, 7, 4.03
1500379539, 332, 30, 31, 0, 0, 2.39%, 0, 0, 7, 4.00
1500379621, 333, 7, 31, 0, 0, 2.39%, 0, 0, 7, 3.95
1500379688, 333, 13, 31, 0, 0, 2.39%, 0, 0, 7, 3.92
1500379693, 333, 22, 31, 0, 0, 2.39%, 0, 0, 7, 4.00
1500379718, 333, 24, 31, 0, 0, 2.39%, 0, 0, 7, 3.92
1500379857, 334, 0, 31, 0, 0, 2.39%, 0, 0, 7, 4.10
1500379918, 334, 4, 31, 0, 0, 2.39%, 0, 0, 7, 4.01
1500379984, 334, 13, 31, 0, 0, 2.39%, 0, 0, 7, 3.96
1500379990, 335, 13, 31, 0, 0, 2.39%, 0, 0, 7, 3.94
1500380000, 336, 11, 31, 0, 0, 2.39%, 0, 0, 7, 3.93
1500380062, 336, 13, 31, 0, 0, 2.39%, 0, 0, 7, 3.92
1500380067, 337, 13, 31, 0, 0, 2.39%, 0, 0, 7, 4.06
1500380072, 338, 11, 31, 0, 0, 2.39%, 0, 0, 7, 3.93
1500380123, 338, 13, 31, 0, 0, 2.39%, 0, 0, 7, 3.99
1500380133, 338, 17, 31, 0, 0, 2.39%, 0, 0, 7, 4.00
1500380216, 339, 3, 31, 0, 0, 2.39%, 0, 0, 7, 3.94
1500380282, 339, 12, 31, 0, 0, 2.39%, 0, 0, 7, 4.01
1500380292, 339, 13, 31, 0, 0, 2.39%, 0, 0, 7, 3.95
1500380298, 339, 14, 31, 0, 0, 2.39%, 0, 0, 7, 4.10
1500380354, 339, 22, 31, 0, 0, 2.39%, 0, 0, 7, 3.91
1500380379, 340, 9, 31, 0, 0, 2.39%, 0, 0, 7, 3.96
1500380451, 340, 13, 31, 0, 0, 2.39%, 0, 0, 7, 3.98
1500380456, 340, 14, 31, 0, 0, 2.39%, 0, 0, 7, 4.00
1500380522, 340, 20, 31, 0, 0, 2.39%, 0, 0, 7, 3.98
1500380665, 340, 21, 31, 0, 0, 2.39%, 0, 0, 7, 3.94
1500380737, 341, 0, 31, 0, 0, 2.39%, 0, 0, 7, 4.00
1500380803, 341, 13, 31, 0, 0, 2.39%, 0, 0, 7, 3.98
1500380813, 341, 18, 31, 0, 0, 2.39%, 0, 0, 7, 3.99
1500380865, 341, 27, 31, 0, 0, 2.39%, 0, 0, 7, 4.07
1500380890, 342, 0, 31, 0, 0, 2.39%, 0, 0, 7, 3.98
1500380942, 342, 13, 31, 0, 0, 2.39%, 0, 0, 7, 3.96
1500380952, 342, 24, 31, 0, 0, 2.39%, 0, 0, 7, 3.95
1500381090, 343, 13, 31, 0, 0, 2.39%, 0, 0, 7, 4.00
1500381096, 344, 13, 31, 0, 0, 2.39%, 0, 0, 7, 4.09
1500381101, 344, 18, 31, 0, 0, 2.39%, 0, 0, 7, 3.98
1500381152, 344, 28, 31, 0, 0, 2.39%, 0, 0, 7, 4.11
1500381182, 345, 8, 31, 0, 0, 2.39%, 0, 0, 7, 3.91
1500381249, 345, 13, 31, 0, 0, 2.39%, 0, 0, 7, 3.94
1500381254, 345, 15, 31, 0, 0, 2.39%, 0, 0, 7, 3.99
1500381320, 345, 23, 31, 0, 0, 2.39%, 0, 0, 7, 4.14
1500381402, 345, 25, 31, 0, 0, 2.39%, 0, 0, 7, 3.99
1500381540, 345, 27, 31, 0, 0, 2.39%, 0, 0, 7, 3.97
1500381565, 346, 13, 31, 0, 0, 2.39%, 0, 0, 7, 3.69
1500381570, 347, 4, 31, 0, 0, 2.39%, 0, 0, 7, 3.74
1500381617, 347, 13, 31, 0, 0, 2.39%, 0, 0, 7, 3.95
1500381622, 347, 21, 31, 0, 0, 2.39%, 0, 0, 7, 4.00
1500381704, 347, 24, 31, 0, 0, 2.39%, 0, 0, 7, 3.86
1500381842, 348, 13, 31, 0, 0, 2.39%, 0, 0, 7, 3.99
1500381853, 348, 16, 31, 0, 0, 2.39%, 0, 0, 7, 3.92
1500381919, 348, 21, 31, 0, 0, 2.39%, 0, 0, 7, 3.96
1500381996, 348, 24, 31, 0, 0, 2.39%, 0, 0, 7, 4.03
1500382143, 349, 13, 31, 0, 0, 2.39%, 0, 0, 7, 3.97
1500382149, 349, 21, 31, 0, 0, 2.39%, 0, 0, 7, 3.91
1500382231, 350, 3, 31, 0, 0, 2.39%, 0, 0, 7, 4.01
1500382292, 350, 13, 31, 0, 0, 2.39%, 0, 0, 7, 3.95
1500382297, 351, 13, 31, 0, 0, 2.39%, 0, 0, 7, 4.10
1500382302, 352, 13, 31, 0, 0, 2.39%, 0, 0, 7, 4.02
1500382312, 353, 11, 31, 0, 0, 2.39%, 0, 0, 7, 4.05
1500382378, 353, 13, 31, 0, 0, 2.39%, 0, 0, 7, 3.96
1500382383, 354, 13, 31, 0, 0, 2.39%, 0, 0, 7, 3.97
1500382389, 355, 8, 31, 0, 0, 2.39%, 0, 0, 7, 3.94
1500382450, 355, 13, 31, 0, 0, 2.39%, 0, 0, 7, 3.99
1500382460, 356, 4, 31, 0, 0, 2.39%, 0, 0, 7, 3.96
1500382516, 356, 13, 31, 0, 0, 2.39%, 0, 0, 7, 3.99
1500382521, 356, 14, 31, 0, 0, 2.39%, 0, 0, 7, 3.91
1500382588, 356, 16, 31, 0, 0, 2.39%, 0, 0, 7, 3.93
1500382654, 356, 19, 31, 0, 0, 2.39%, 0, 0, 7, 3.94
1500382705, 356, 22, 31, 0, 0, 2.39%, 0, 0, 7, 4.04
1500382730, 356, 30, 31, 0, 0, 2.39%, 0, 0, 7, 4.01
1500382817, 357, 13, 31, 0, 0, 2.39%, 0, 0, 7, 3.99
1500382822, 358, 13, 31, 0, 0, 2.39%, 0, 0, 7, 3.93
1500382832, 358, 18, 31, 0, 0, 2.39%, 0, 0, 7, 3.95
1500382884, 358, 19, 31, 0, 0, 2.39%, 0, 0, 7, 3.97
1500382935, 358, 22, 31, 0, 0, 2.39%, 0, 0, 7, 4.00
1500382960, 359, 5, 31, 0, 0, 2.39%, 0, 0, 7, 3.92
1500383016, 359, 13, 31, 0, 0, 2.39%, 0, 0, 7, 3.96
1500383021, 359, 17, 31, 0, 0, 2.39%, 0, 0, 7, 3.95
1500383098, 359, 22, 31, 0, 0, 2.39%, 0, 0, 7, 3.94
1500383123, 360, 13, 31, 0, 0, 2.39%, 0, 0, 7, 3.96
1500383134, 361, 0, 31, 0, 0, 2.39%, 0, 0, 7, 3.93
1500383200, 361, 13, 31, 0, 0, 2.39%, 0, 0, 7, 3.95
1500383210, 361, 17, 31, 0, 0, 2.39%, 0, 0, 7, 4.00
1500383297, 361, 18, 31, 0, 0, 2.39%, 0, 0, 7, 3.98
1500383348, 361, 22, 31, 0, 0, 2.39%, 0, 0, 7, 4.00
1500383374, 361, 30, 31, 0, 0, 2.39%, 0, 0, 7, 4.02
1500383460, 362, 13, 31, 0, 0, 2.39%, 0, 0, 7, 3.96
1500383465, 363, 0, 31, 0, 0, 2.39%, 0, 0, 7, 4.01
1500383532, 363, 13, 31, 0, 0, 2.39%, 0, 0, 7, 3.95
1500383537, 363, 27, 31, 0, 0, 2.39%, 0, 0, 7, 3.91
1500383562, 364, 1, 31, 0, 0, 2.39%, 0, 0, 7, 3.96
1500383624, 364, 13, 31, 0, 0, 2.39%, 0, 0, 7, 4.03
1500383634, 365, 13, 31, 0, 0, 2.39%, 0, 0, 7, 3.87
1500383640, 366, 13, 31, 0, 0, 2.39%, 0, 0, 7, 3.86
1500383645, 367, 13, 31, 0, 0, 2.39%, 0, 0, 7, 3.93
1500383650, 368, 10, 31, 0, 0, 2.39%, 0, 0, 7, 3.82
1500383716, 368, 13, 31, 0, 0, 2.39%, 0, 0, 7, 3.97
1500383727, 368, 19, 31, 0, 0, 2.39%, 0, 0, 7, 4.04
1500383777, 369, 13, 31, 0, 0, 2.39%, 0, 0, 7, 3.98
1500383783, 369, 30, 31, 0, 0, 2.39%, 0, 0, 7, 3.89
1500383860, 370, 1, 31, 0, 0, 2.39%, 0, 0, 7, 3.95
1500383926, 370, 13, 31, 0, 0, 2.39%, 0, 0, 7, 3.88
1500383931, 370, 26, 31, 0, 0, 2.39%, 0, 0, 7, 3.96
1500384059, 371, 13, 31, 0, 0, 2.39%, 0, 0, 7, 3.88
1500384064, 371, 27, 31, 0, 0, 2.39%, 0, 0, 7, 3.93
1500384089, 372, 13, 31, 0, 0, 2.39%, 0, 0, 7, 3.98
1500384094, 373, 7, 31, 0, 0, 2.39%, 0, 0, 7, 3.95
1500384140, 373, 13, 31, 0, 0, 2.39%, 0, 0, 7, 3.92
1500384151, 374, 13, 31, 0, 0, 2.39%, 0, 0, 7, 3.96
1500384156, 375, 13, 31, 0, 0, 2.39%, 0, 0, 7, 4.02
1500384161, 376, 13, 31, 0, 0, 2.39%, 0, 0, 7, 4.01
1500384166, 377, 7, 31, 0, 0, 2.39%, 0, 0, 7, 4.06
1500384233, 377, 13, 31, 0, 0, 2.39%, 0, 0, 7, 3.89
1500384243, 377, 16, 31, 0, 0, 2.39%, 0, 0, 7, 4.02
1500384304, 377, 20, 31, 0, 0, 2.39%, 0, 0, 7, 3.91
1500384442, 378, 13, 31, 0, 0, 2.39%, 0, 0, 7, 3.82
1500384453, 378, 22, 31, 0, 0, 2.39%, 0, 0, 7, 4.00
1500384478, 379, 12, 31, 0, 0, 2.39%, 0, 0, 7, 3.94
1500384483, 379, 13, 31, 0, 0, 2.39%, 0, 0, 7, 3.95
1500384488, 379, 22, 31, 0, 0, 2.39%, 0, 0, 7, 3.93
1500384514, 380, 13, 31, 0, 0, 2.39%, 0, 0, 7, 3.98
1500384524, 381, 8, 31, 0, 0, 2.39%, 0, 0, 7, 4.02
1500384586, 381, 13, 31, 0, 0, 2.39%, 0, 0, 7, 3.96
1500384596, 381, 30, 31, 0, 0, 2.39%, 0, 0, 7, 3.99
1500384672, 382, 13, 31, 0, 0, 2.39%, 0, 0, 7, 3.96
1500384677, 382, 23, 31, 0, 0, 2.39%, 0, 0, 7, 3.98
1500384754, 383, 4, 31, 0, 0, 2.39%, 0, 0, 7, 3.94
1500384825, 383, 13, 31, 0, 0, 2.39%, 0, 0, 7, 3.98
1500384830, 384, 8, 31, 0, 0, 2.39%, 0, 0, 7, 3.98
1500384902, 384, 9, 31, 0, 0, 2.39%, 0, 0, 7, 3.97
1500384968, 384, 13, 31, 0, 0, 2.39%, 0, 0, 7, 3.94
1500384973, 384, 22, 31, 0, 0, 2.39%, 0, 0, 7, 3.95
1500385004, 385, 0, 31, 0, 0, 2.39%, 0, 0, 7, 4.00
1500385060, 385, 13, 31, 0, 0, 2.39%, 0, 0, 7, 4.09
1500385065, 385, 20, 31, 0, 0, 2.39%, 0, 0, 7, 4.12
1500385208, 386, 13, 31, 0, 0, 2.39%, 0, 0, 7, 4.05
1500385213, 386, 22, 31, 0, 0, 2.39%, 0, 0, 7, 3.91
1500385239, 386, 25, 31, 0, 0, 2.39%, 0, 0, 7, 3.99
1500385367, 387, 2, 31, 0, 0, 2.39%, 0, 0, 7, 4.10
1500385438, 387, 13, 31, 0, 0, 2.39%, 0, 0, 7, 3.93
1500385443, 388, 1, 31, 0, 0, 2.39%, 0, 0, 7, 3.99
1500385510, 388, 13, 31, 0, 0, 2.39%, 0, 0, 7, 4.02
1500385515, 389, 13, 31, 0, 0, 2.39%, 0, 0, 7, 3.99
1500385520, 389, 21, 31, 0, 0, 2.39%, 0, 0, 7, 4.03
1500385602, 390, 13, 31, 0, 0, 2.39%, 0, 0, 7, 4.00
1500385607, 390, 18, 31, 0, 0, 2.39%, 0, 0, 7, 3.95
1500385659, 390, 24, 31, 0, 0, 2.39%, 0, 0, 7, 4.02
1500385792, 390, 27, 31, 0, 0, 2.39%, 0, 0, 7, 3.82
1500385822, 390, 29, 31, 0, 0, 2.39%, 0, 0, 7, 3.98
1500385960, 391, 8, 31, 0, 0, 2.39%, 0, 0, 7, 3.98
1500386036, 391, 13, 31, 0, 0, 2.39%, 0, 0, 7, 3.95
1500386042, 391, 15, 31, 0, 0, 2.39%, 0, 0, 7, 3.98
1500386103, 391, 17, 31, 0, 0, 2.39%, 0, 0, 7, 3.94
1500386190, 392, 13, 31, 0, 0, 2.39%, 0, 0, 7, 3.96
1500386195, 392, 19, 31, 0, 0, 2.39%, 0, 0, 7, 4.01
1500386246, 393, 13, 31, 0, 0, 2.39%, 0, 0, 7, 3.90
1500386257, 393, 24, 31, 0, 0, 2.39%, 0, 0, 7, 3.97
1500386395, 394, 13, 31, 0, 0, 2.39%, 0, 0, 7, 3.88
1500386400, 394, 13, 32, 1, 0, 2.53%, 0, 0, 7, 3.79
1500386420, 395, 13, 32, 1, 0, 2.53%, 0, 0, 7, 3.95
1500386425, 395, 31, 32, 1, 0, 2.53%, 0, 0, 7, 3.97
1500386441, 395, 31, 33, 2, 0, 2.53%, 0, 0, 7, 3.60
1500386539, 396, 10, 33, 1, 0, 2.53%, 0, 0, 7, 3.87
1500386610, 396, 12, 33, 1, 0, 2.53%, 0, 0, 7, 3.89
1500386615, 396, 13, 33, 1, 0, 2.53%, 0, 0, 7, 3.99
1500386620, 396, 19, 33, 1, 0, 2.53%, 0, 0, 7, 3.91
1500386677, 396, 20, 33, 1, 0, 2.53%, 0, 0, 7, 3.96
1500386800, 396, 21, 33, 1, 0, 2.53%, 0, 0, 7, 4.04
1500386876, 396, 26, 33, 1, 0, 2.53%, 0, 0, 7, 3.97
1500386917, 396, 26, 34, 2, 0, 2.53%, 0, 0, 7, 2.89
1500387076, 396, 32, 34, 2, 0, 2.53%, 0, 0, 7, 4.01
1500387219, 397, 13, 34, 1, 0, 2.53%, 0, 0, 7, 3.98
1500387224, 397, 17, 34, 1, 0, 2.53%, 0, 0, 7, 4.07
1500387291, 397, 23, 34, 1, 0, 2.53%, 0, 0, 7, 3.85
1500387368, 397, 33, 34, 1, 0, 2.53%, 0, 0, 7, 3.74
1500387451, 398, 13, 34, 0, 0, 2.53%, 0, 0, 7, 3.86
1500387461, 398, 17, 34, 0, 0, 2.53%, 0, 0, 7, 3.81
1500387523, 399, 13, 34, 0, 0, 2.53%, 0, 0, 7, 3.99
1500387533, 400, 5, 34, 0, 0, 2.53%, 0, 0, 7, 4.00
1500387585, 400, 9, 34, 0, 0, 2.53%, 0, 0, 7, 3.80
1500387641, 400, 9, 35, 1, 0, 2.53%, 0, 0, 7, 3.52
1500387667, 400, 12, 35, 1, 0, 2.53%, 0, 0, 7, 3.55
1500387678, 400, 13, 35, 1, 0, 2.53%, 0, 0, 7, 3.80
1500387683, 401, 13, 35, 1, 0, 2.53%, 0, 0, 7, 3.75
1500387688, 401, 28, 35, 1, 0, 2.53%, 0, 0, 7, 3.76
1500387719, 402, 11, 35, 1, 0, 2.53%, 0, 0, 7, 3.46
1500387796, 402, 13, 35, 1, 0, 2.53%, 0, 0, 7, 3.52
1500387801, 402, 22, 35, 1, 0, 2.53%, 0, 0, 7, 3.54
1500387832, 402, 34, 35, 1, 0, 2.53%, 0, 0, 7, 3.50
1500387977, 403, 13, 35, 0, 0, 2.53%, 0, 0, 7, 3.55
1500387982, 404, 13, 35, 0, 0, 2.53%, 0, 0, 7, 3.50
1500387987, 404, 33, 35, 0, 0, 2.53%, 0, 0, 7, 3.54
1500388085, 405, 12, 35, 0, 0, 2.53%, 0, 0, 7, 3.49
1500388096, 405, 13, 35, 0, 0, 2.53%, 0, 0, 7, 3.99
1500388101, 405, 25, 35, 0, 0, 2.53%, 0, 0, 7, 4.05
1500388121, 405, 25, 36, 1, 0, 2.53%, 0, 0, 7, 3.93
1500388284, 406, 13, 36, 1, 0, 2.53%, 0, 0, 7, 3.96
1500388295, 406, 14, 36, 1, 0, 2.53%, 0, 0, 7, 3.91
1500388356, 406, 27, 36, 1, 0, 2.53%, 0, 0, 7, 3.90
1500388382, 407, 2, 36, 1, 0, 2.53%, 0, 0, 7, 4.00
1500388443, 407, 13, 36, 1, 0, 2.53%, 0, 0, 7, 3.98
1500388448, 407, 31, 36, 1, 0, 2.53%, 0, 0, 7, 3.96
1500388535, 408, 0, 36, 1, 0, 2.53%, 0, 0, 7, 3.89
1500388607, 408, 2, 36, 1, 0, 2.53%, 0, 0, 7, 3.98
1500388669, 408, 13, 36, 1, 0, 2.53%, 0, 0, 7, 3.82
1500388674, 408, 22, 36, 1, 0, 2.53%, 0, 0, 7, 3.90
1500388699, 408, 23, 36, 1, 0, 2.53%, 0, 0, 7, 3.98
1500388782, 408, 35, 36, 1, 0, 2.53%, 0, 0, 7, 3.94
