# unix_time, cycles_done, cur_path, paths_total, pending_total, pending_favs, map_size, unique_crashes, unique_hangs, max_depth, execs_per_sec
1500345937, 0, 0, 4, 4, 1, 2.38%, 0, 0, 1, 4.82
1500345943, 0, 2, 4, 4, 1, 2.38%, 0, 0, 1, 4.67
1500345948, 0, 2, 5, 5, 1, 2.38%, 0, 0, 2, 4.49
1500345988, 0, 2, 6, 6, 1, 2.38%, 0, 0, 2, 4.05
1500345993, 0, 2, 7, 7, 1, 2.39%, 0, 0, 2, 4.06
1500346034, 0, 2, 7, 6, 0, 2.39%, 0, 0, 2, 3.73
1500346045, 0, 2, 8, 7, 0, 2.39%, 0, 0, 2, 3.59
1500346050, 0, 3, 8, 7, 0, 2.39%, 0, 0, 2, 3.47
1500346101, 0, 4, 8, 6, 0, 2.39%, 0, 0, 2, 3.92
1500346188, 0, 5, 8, 5, 0, 2.39%, 0, 0, 2, 3.91
1500346234, 0, 5, 9, 6, 0, 2.39%, 0, 0, 3, 4.02
1500346275, 0, 8, 9, 5, 1, 2.39%, 0, 0, 3, 4.02
1500346341, 1, 0, 9, 4, 0, 2.39%, 0, 0, 3, 3.97
1500346408, 1, 0, 9, 3, 0, 2.39%, 0, 0, 3, 3.95
1500346413, 1, 1, 9, 3, 0, 2.39%, 0, 0, 3, 4.05
1500346480, 1, 2, 9, 2, 0, 2.39%, 0, 0, 3, 3.97
1500346546, 1, 3, 9, 2, 0, 2.39%, 0, 0, 3, 3.88
1500346612, 1, 4, 9, 2, 0, 2.39%, 0, 0, 3, 4.02
1500346679, 1, 5, 9, 2, 0, 2.39%, 0, 0, 3, 3.98
1500346746, 1, 6, 9, 2, 0, 2.39%, 0, 0, 3, 3.99
1500346817, 1, 7, 9, 1, 0, 2.39%, 0, 0, 3, 4.04
1500346827, 1, 7, 10, 2, 0, 2.39%, 0, 0, 3, 4.05
1500346848, 1, 7, 11, 3, 0, 2.39%, 0, 0, 3, 3.92
1500346894, 1, 8, 11, 2, 0, 2.39%, 0, 0, 3, 3.95
1500346950, 1, 8, 12, 3, 0, 2.39%, 0, 0, 4, 3.95
1500346971, 1, 11, 12, 3, 1, 2.39%, 0, 0, 4, 3.86
1500346997, 2, 8, 12, 2, 0, 2.39%, 0, 0, 4, 3.91
1500347063, 2, 9, 12, 2, 0, 2.39%, 0, 0, 4, 3.97
1500347140, 2, 11, 12, 1, 0, 2.39%, 0, 0, 4, 3.88
1500347155, 3, 8, 12, 1, 0, 2.39%, 0, 0, 4, 4.01
1500347186, 3, 8, 13, 2, 0, 2.39%, 0, 0, 4, 3.94
1500347222, 3, 12, 13, 2, 1, 2.39%, 0, 0, 4, 3.95
1500347248, 4, 10, 13, 1, 0, 2.39%, 0, 0, 4, 3.98
1500347324, 4, 11, 13, 0, 0, 2.39%, 0, 0, 4, 3.86
1500347340, 4, 12, 13, 0, 0, 2.39%, 0, 0, 4, 3.97
1500347365, 5, 11, 13, 0, 0, 2.39%, 0, 0, 4, 3.98
1500347375, 5, 12, 13, 0, 0, 2.39%, 0, 0, 4, 3.93
1500347401, 6, 11, 13, 0, 0, 2.39%, 0, 0, 4, 3.99
1500347416, 6, 12, 13, 0, 0, 2.39%, 0, 0, 4, 3.88
1500347431, 7, 11, 13, 0, 0, 2.39%, 0, 0, 4, 3.92
1500347441, 7, 12, 13, 0, 0, 2.39%, 0, 0, 4, 4.00
1500347457, 8, 7, 13, 0, 0, 2.39%, 0, 0, 4, 3.98
1500347508, 8, 7, 14, 1, 0, 2.39%, 0, 0, 4, 3.98
1500347518, 8, 11, 14, 1, 0, 2.39%, 0, 0, 4, 4.08
1500347528, 8, 12, 14, 1, 0, 2.39%, 0, 0, 4, 4.05
1500347544, 9, 0, 14, 1, 0, 2.39%, 0, 0, 4, 4.02
1500347580, 9, 0, 15, 2, 0, 2.39%, 0, 0, 4, 3.98
1500347616, 9, 11, 15, 2, 0, 2.39%, 0, 0, 4, 3.95
1500347631, 9, 12, 15, 2, 0, 2.39%, 0, 0, 4, 3.92
1500347642, 9, 14, 15, 2, 0, 2.39%, 0, 0, 4, 3.88
1500347713, 10, 11, 15, 1, 0, 2.39%, 0, 0, 4, 3.96
1500347728, 10, 12, 15, 1, 0, 2.39%, 0, 0, 4, 3.96
1500347738, 10, 13, 15, 1, 0, 2.39%, 0, 0, 4, 3.96
1500347810, 11, 7, 15, 0, 0, 2.39%, 0, 0, 4, 3.97
1500347856, 11, 11, 15, 0, 0, 2.39%, 0, 0, 4, 4.12
1500347867, 11, 12, 15, 0, 0, 2.39%, 0, 0, 4, 3.95
1500347882, 11, 14, 15, 0, 0, 2.39%, 0, 0, 4, 3.96
1500347959, 12, 11, 15, 0, 0, 2.39%, 0, 0, 4, 3.88
1500347974, 12, 12, 15, 0, 0, 2.39%, 0, 0, 4, 3.97
1500347984, 12, 14, 15, 0, 0, 2.39%, 0, 0, 4, 3.95
1500348040, 13, 11, 15, 0, 0, 2.39%, 0, 0, 4, 3.91
1500348056, 13, 12, 15, 0, 0, 2.39%, 0, 0, 4, 3.95
1500348071, 14, 1, 15, 0, 0, 2.39%, 0, 0, 4, 3.94
1500348122, 14, 11, 15, 0, 0, 2.39%, 0, 0, 4, 4.00
1500348138, 14, 12, 15, 0, 0, 2.39%, 0, 0, 4, 4.01
1500348148, 15, 11, 15, 0, 0, 2.39%, 0, 0, 4, 4.01
1500348163, 15, 12, 15, 0, 0, 2.39%, 0, 0, 4, 3.93
1500348174, 16, 6, 15, 0, 0, 2.39%, 0, 0, 4, 3.89
1500348235, 16, 11, 15, 0, 0, 2.39%, 0, 0, 4, 3.96
1500348250, 16, 12, 15, 0, 0, 2.39%, 0, 0, 4, 3.89
1500348261, 17, 3, 15, 0, 0, 2.39%, 0, 0, 4, 3.92
1500348312, 17, 11, 15, 0, 0, 2.39%, 0, 0, 4, 3.96
1500348327, 17, 12, 15, 0, 0, 2.39%, 0, 0, 4, 4.02
1500348337, 17, 14, 15, 0, 0, 2.39%, 0, 0, 4, 4.08
1500348398, 18, 11, 15, 0, 0, 2.39%, 0, 0, 4, 3.98
1500348413, 18, 12, 15, 0, 0, 2.39%, 0, 0, 4, 4.01
1500348423, 19, 2, 15, 0, 0, 2.39%, 0, 0, 4, 4.01
1500348490, 19, 11, 15, 0, 0, 2.39%, 0, 0, 4, 3.83
1500348500, 19, 12, 15, 0, 0, 2.39%, 0, 0, 4, 4.04
1500348515, 20, 11, 15, 0, 0, 2.39%, 0, 0, 4, 4.14
1500348526, 20, 12, 15, 0, 0, 2.39%, 0, 0, 4, 3.97
1500348541, 21, 11, 15, 0, 0, 2.39%, 0, 0, 4, 4.00
1500348551, 21, 12, 15, 0, 0, 2.39%, 0, 0, 4, 3.92
1500348566, 22, 10, 16, 1, 0, 2.39%, 0, 0, 4, 3.95
1500348627, 22, 11, 16, 1, 0, 2.39%, 0, 0, 4, 3.95
1500348643, 22, 12, 16, 1, 0, 2.39%, 0, 0, 4, 3.92
1500348658, 23, 11, 16, 1, 0, 2.39%, 0, 0, 4, 3.96
1500348668, 23, 12, 16, 1, 0, 2.39%, 0, 0, 4, 3.93
1500348678, 23, 12, 17, 2, 0, 2.39%, 0, 0, 5, 3.88
1500348699, 23, 16, 17, 2, 0, 2.39%, 0, 0, 5, 3.89
1500348842, 24, 11, 17, 1, 0, 2.39%, 0, 0, 5, 3.98
1500348857, 24, 12, 17, 1, 0, 2.39%, 0, 0, 5, 3.99
1500348873, 24, 15, 17, 1, 0, 2.39%, 0, 0, 5, 4.01
1500348980, 25, 7, 17, 0, 0, 2.39%, 0, 0, 5, 3.95
1500349031, 25, 11, 17, 0, 0, 2.39%, 0, 0, 5, 3.94
1500349047, 25, 12, 17, 0, 0, 2.39%, 0, 0, 5, 3.91
1500349057, 26, 4, 17, 0, 0, 2.39%, 0, 0, 5, 3.97
1500349123, 26, 7, 17, 0, 0, 2.39%, 0, 0, 5, 4.07
1500349180, 26, 11, 17, 0, 0, 2.39%, 0, 0, 5, 3.98
1500349195, 26, 12, 17, 0, 0, 2.39%, 0, 0, 5, 3.93
1500349205, 27, 11, 17, 0, 0, 2.39%, 0, 0, 5, 3.94
1500349221, 27, 12, 17, 0, 0, 2.39%, 0, 0, 5, 3.93
1500349231, 27, 14, 17, 0, 0, 2.39%, 0, 0, 5, 3.89
1500349288, 27, 16, 17, 0, 0, 2.39%, 0, 0, 5, 3.96
1500349430, 28, 11, 17, 0, 0, 2.39%, 0, 0, 5, 3.95
1500349441, 28, 12, 17, 0, 0, 2.39%, 0, 0, 5, 4.03
1500349456, 29, 11, 17, 0, 0, 2.39%, 0, 0, 5, 4.00
1500349466, 29, 12, 17, 0, 0, 2.39%, 0, 0, 5, 3.96
1500349482, 29, 15, 17, 0, 0, 2.39%, 0, 0, 5, 3.91
1500349558, 29, 16, 17, 0, 0, 2.39%, 0, 0, 5, 3.98
1500349645, 29, 16, 18, 1, 0, 2.39%, 0, 0, 6, 3.90
1500349696, 30, 3, 18, 1, 0, 2.39%, 0, 0, 6, 3.90
1500349748, 30, 11, 18, 1, 0, 2.39%, 0, 0, 6, 3.91
1500349763, 30, 12, 18, 1, 0, 2.39%, 0, 0, 6, 3.98
1500349778, 31, 11, 18, 1, 0, 2.39%, 0, 0, 6, 4.00
1500349789, 31, 12, 18, 1, 0, 2.39%, 0, 0, 6, 3.92
1500349804, 32, 11, 18, 1, 0, 2.39%, 0, 0, 6, 4.05
1500349814, 32, 12, 18, 1, 0, 2.39%, 0, 0, 6, 4.00
1500349830, 33, 5, 18, 1, 0, 2.39%, 0, 0, 6, 3.92
1500349897, 33, 8, 18, 1, 0, 2.39%, 0, 0, 6, 3.97
1500349953, 33, 9, 18, 1, 0, 2.39%, 0, 0, 6, 3.94
1500350009, 33, 11, 18, 1, 0, 2.39%, 0, 0, 6, 3.96
1500350019, 33, 12, 18, 1, 0, 2.39%, 0, 0, 6, 4.14
1500350035, 33, 17, 18, 1, 0, 2.39%, 0, 0, 6, 4.05
1500350163, 34, 3, 18, 0, 0, 2.39%, 0, 0, 6, 3.93
1500350224, 34, 11, 18, 0, 0, 2.39%, 0, 0, 6, 3.94
1500350234, 34, 12, 18, 0, 0, 2.39%, 0, 0, 6, 3.98
1500350249, 35, 7, 18, 0, 0, 2.39%, 0, 0, 6, 3.97
1500350275, 35, 7, 19, 1, 0, 2.39%, 0, 0, 6, 3.97
1500350311, 35, 11, 19, 1, 0, 2.39%, 0, 0, 6, 3.93
1500350321, 35, 12, 19, 1, 0, 2.39%, 0, 0, 6, 4.02
1500350337, 36, 1, 19, 1, 0, 2.39%, 0, 0, 6, 3.84
1500350404, 36, 9, 19, 1, 0, 2.39%, 0, 0, 6, 3.92
1500350465, 36, 11, 19, 1, 0, 2.39%, 0, 0, 6, 4.04
1500350480, 36, 12, 19, 1, 0, 2.39%, 0, 0, 6, 3.96
1500350491, 37, 8, 19, 1, 0, 2.39%, 0, 0, 6, 3.97
1500350552, 37, 9, 19, 1, 0, 2.39%, 0, 0, 6, 3.96
1500350619, 37, 11, 19, 1, 0, 2.39%, 0, 0, 6, 3.97
1500350634, 37, 12, 19, 1, 0, 2.39%, 0, 0, 6, 4.00
1500350644, 38, 1, 19, 1, 0, 2.39%, 0, 0, 6, 4.00
1500350700, 38, 11, 19, 1, 0, 2.39%, 0, 0, 6, 4.00
1500350715, 38, 12, 19, 1, 0, 2.39%, 0, 0, 6, 3.96
1500350726, 39, 8, 19, 1, 0, 2.39%, 0, 0, 6, 3.87
1500350792, 39, 11, 19, 1, 0, 2.39%, 0, 0, 6, 3.94
1500350808, 39, 12, 19, 1, 0, 2.39%, 0, 0, 6, 4.07
1500350818, 40, 11, 19, 1, 0, 2.39%, 0, 0, 6, 3.90
1500350833, 40, 12, 19, 1, 0, 2.39%, 0, 0, 6, 3.98
1500350844, 40, 13, 19, 1, 0, 2.39%, 0, 0, 6, 3.98
1500350925, 40, 14, 19, 1, 0, 2.39%, 0, 0, 6, 4.01
1500350992, 41, 11, 19, 1, 0, 2.39%, 0, 0, 6, 3.96
1500351007, 41, 12, 19, 1, 0, 2.39%, 0, 0, 6, 3.97
1500351017, 41, 14, 19, 1, 0, 2.39%, 0, 0, 6, 4.20
1500351078, 42, 8, 19, 1, 0, 2.39%, 0, 0, 6, 3.99
1500351140, 42, 9, 19, 1, 0, 2.39%, 0, 0, 6, 4.00
1500351196, 42, 9, 20, 2, 0, 2.39%, 0, 0, 6, 3.99
1500351206, 42, 11, 20, 2, 0, 2.39%, 0, 0, 6, 4.03
1500351216, 42, 12, 20, 2, 0, 2.39%, 0, 0, 6, 4.03
1500351232, 43, 11, 20, 2, 0, 2.39%, 0, 0, 6, 3.87
1500351242, 43, 12, 20, 2, 0, 2.39%, 0, 0, 6, 3.96
1500351257, 44, 11, 20, 2, 0, 2.39%, 0, 0, 6, 3.96
1500351267, 44, 12, 20, 2, 0, 2.39%, 0, 0, 6, 3.95
1500351282, 44, 15, 20, 2, 0, 2.39%, 0, 0, 6, 3.94
1500351354, 45, 11, 20, 2, 0, 2.39%, 0, 0, 6, 3.98
1500351364, 45, 12, 20, 2, 0, 2.39%, 0, 0, 6, 4.05
1500351380, 46, 10, 20, 2, 0, 2.39%, 0, 0, 6, 3.92
1500351446, 46, 11, 20, 2, 0, 2.39%, 0, 0, 6, 4.02
1500351456, 46, 12, 20, 2, 0, 2.39%, 0, 0, 6, 3.96
1500351471, 46, 14, 20, 2, 0, 2.39%, 0, 0, 6, 3.97
1500351528, 46, 18, 20, 2, 0, 2.39%, 0, 0, 6, 3.96
1500351619, 46, 19, 20, 1, 0, 2.39%, 0, 0, 6, 4.00
1500351701, 47, 8, 20, 0, 0, 2.39%, 0, 0, 6, 3.96
1500351757, 47, 11, 20, 0, 0, 2.39%, 0, 0, 6, 3.98
1500351772, 47, 12, 20, 0, 0, 2.39%, 0, 0, 6, 4.02
1500351783, 47, 14, 20, 0, 0, 2.39%, 0, 0, 6, 4.00
1500351849, 48, 11, 20, 0, 0, 2.39%, 0, 0, 6, 3.98
1500351859, 48, 12, 20, 0, 0, 2.39%, 0, 0, 6, 3.94
1500351874, 49, 3, 20, 0, 0, 2.39%, 0, 0, 6, 3.95
1500351915, 49, 11, 20, 0, 0, 2.39%, 0, 0, 6, 4.05
1500351931, 49, 12, 20, 0, 0, 2.39%, 0, 0, 6, 4.02
1500351941, 49, 19, 20, 0, 0, 2.39%, 0, 0, 6, 3.98
1500352028, 50, 6, 20, 0, 0, 2.39%, 0, 0, 6, 3.94
1500352095, 50, 11, 20, 0, 0, 2.39%, 0, 0, 6, 3.93
1500352110, 50, 12, 20, 0, 0, 2.39%, 0, 0, 6, 3.98
1500352120, 51, 11, 20, 0, 0, 2.39%, 0, 0, 6, 3.90
1500352136, 51, 12, 20, 0, 0, 2.39%, 0, 0, 6, 3.99
1500352146, 52, 11, 20, 0, 0, 2.39%, 0, 0, 6, 3.98
1500352161, 52, 12, 20, 0, 0, 2.39%, 0, 0, 6, 3.95
1500352171, 53, 11, 20, 0, 0, 2.39%, 0, 0, 6, 3.95
1500352187, 53, 12, 20, 0, 0, 2.39%, 0, 0, 6, 4.00
1500352197, 54, 11, 20, 0, 0, 2.39%, 0, 0, 6, 4.03
1500352212, 54, 12, 20, 0, 0, 2.39%, 0, 0, 6, 3.89
1500352228, 54, 15, 20, 0, 0, 2.39%, 0, 0, 6, 3.99
1500352305, 55, 6, 20, 0, 0, 2.39%, 0, 0, 6, 3.94
1500352371, 55, 9, 20, 0, 0, 2.39%, 0, 0, 6, 4.00
1500352438, 55, 11, 20, 0, 0, 2.39%, 0, 0, 6, 4.01
1500352453, 55, 12, 20, 0, 0, 2.39%, 0, 0, 6, 3.96
1500352464, 56, 11, 20, 0, 0, 2.39%, 0, 0, 6, 3.99
1500352479, 56, 12, 20, 0, 0, 2.39%, 0, 0, 6, 3.99
1500352489, 57, 11, 20, 0, 0, 2.39%, 0, 0, 6, 3.99
1500352504, 57, 12, 20, 0, 0, 2.39%, 0, 0, 6, 3.98
1500352519, 57, 17, 20, 0, 0, 2.39%, 0, 0, 6, 3.89
1500352653, 58, 0, 20, 0, 0, 2.39%, 0, 0, 6, 3.91
1500352709, 58, 11, 20, 0, 0, 2.39%, 0, 0, 6, 4.01
1500352725, 58, 12, 20, 0, 0, 2.39%, 0, 0, 6, 3.94
1500352735, 59, 11, 20, 0, 0, 2.39%, 0, 0, 6, 4.04
1500352750, 59, 12, 20, 0, 0, 2.39%, 0, 0, 6, 3.96
1500352760, 60, 11, 20, 0, 0, 2.39%, 0, 0, 6, 3.99
1500352775, 60, 12, 20, 0, 0, 2.39%, 0, 0, 6, 3.93
1500352786, 61, 11, 20, 0, 0, 2.39%, 0, 0, 6, 3.89
1500352801, 61, 12, 20, 0, 0, 2.39%, 0, 0, 6, 3.98
1500352811, 62, 1, 20, 0, 0, 2.39%, 0, 0, 6, 3.93
1500352878, 62, 11, 20, 0, 0, 2.39%, 0, 0, 6, 3.96
1500352888, 62, 12, 20, 0, 0, 2.39%, 0, 0, 6, 3.99
1500352904, 63, 2, 20, 0, 0, 2.39%, 0, 0, 6, 3.96
1500352965, 63, 11, 20, 0, 0, 2.39%, 0, 0, 6, 3.98
1500352980, 63, 12, 20, 0, 0, 2.39%, 0, 0, 6, 3.98
1500352990, 63, 18, 20, 0, 0, 2.39%, 0, 0, 6, 4.08
1500353068, 64, 11, 20, 0, 0, 2.39%, 0, 0, 6, 3.94
1500353083, 64, 12, 20, 0, 0, 2.39%, 0, 0, 6, 3.93
1500353093, 65, 2, 20, 0, 0, 2.39%, 0, 0, 6, 3.97
1500353160, 65, 11, 20, 0, 0, 2.39%, 0, 0, 6, 3.94
1500353170, 65, 12, 20, 0, 0, 2.39%, 0, 0, 6, 3.97
1500353185, 66, 6, 20, 0, 0, 2.39%, 0, 0, 6, 3.94
1500353242, 66, 10, 20, 0, 0, 2.39%, 0, 0, 6, 4.03
1500353303, 66, 11, 20, 0, 0, 2.39%, 0, 0, 6, 3.93
1500353314, 66, 12, 20, 0, 0, 2.39%, 0, 0, 6, 4.01
1500353329, 66, 19, 20, 0, 0, 2.39%, 0, 0, 6, 3.92
1500353411, 66, 19, 21, 1, 0, 2.39%, 0, 0, 6, 3.97
1500353421, 67, 5, 21, 1, 0, 2.39%, 0, 0, 6, 3.98
1500353483, 67, 11, 21, 1, 0, 2.39%, 0, 0, 6, 3.93
1500353493, 67, 12, 21, 1, 0, 2.39%, 0, 0, 6, 3.97
1500353508, 68, 11, 21, 1, 0, 2.39%, 0, 0, 6, 4.01
1500353519, 68, 12, 21, 1, 0, 2.39%, 0, 0, 6, 4.03
1500353534, 69, 11, 21, 1, 0, 2.39%, 0, 0, 6, 3.90
1500353544, 69, 12, 21, 1, 0, 2.39%, 0, 0, 6, 3.99
1500353559, 70, 1, 21, 1, 0, 2.39%, 0, 0, 6, 3.99
1500353621, 70, 11, 21, 1, 0, 2.39%, 0, 0, 6, 3.98
1500353636, 70, 12, 21, 1, 0, 2.39%, 0, 0, 6, 3.96
1500353646, 71, 8, 21, 1, 0, 2.39%, 0, 0, 6, 4.02
1500353713, 71, 11, 21, 1, 0, 2.39%, 0, 0, 6, 3.88
1500353723, 71, 12, 21, 1, 0, 2.39%, 0, 0, 6, 3.99
1500353739, 72, 11, 21, 1, 0, 2.39%, 0, 0, 6, 3.91
1500353749, 72, 12, 21, 1, 0, 2.39%, 0, 0, 6, 4.02
1500353764, 73, 0, 21, 1, 0, 2.39%, 0, 0, 6, 4.02
1500353831, 73, 11, 21, 1, 0, 2.39%, 0, 0, 6, 4.02
1500353846, 73, 12, 21, 1, 0, 2.39%, 0, 0, 6, 3.91
1500353856, 73, 15, 21, 1, 0, 2.39%, 0, 0, 6, 3.95
1500353933, 74, 2, 21, 1, 0, 2.39%, 0, 0, 6, 3.89
1500353984, 74, 11, 21, 1, 0, 2.39%, 0, 0, 6, 4.01
1500354000, 74, 12, 21, 1, 0, 2.39%, 0, 0, 6, 4.01
1500354010, 75, 5, 21, 1, 0, 2.39%, 0, 0, 6, 4.00
1500354077, 75, 6, 21, 1, 0, 2.39%, 0, 0, 6, 3.95
1500354142, 75, 11, 21, 1, 0, 2.39%, 0, 0, 6, 3.98
1500354153, 75, 12, 21, 1, 0, 2.39%, 0, 0, 6, 4.05
1500354168, 76, 11, 21, 1, 0, 2.39%, 0, 0, 6, 3.99
1500354178, 76, 12, 21, 1, 0, 2.39%, 0, 0, 6, 3.93
1500354194, 77, 11, 21, 1, 0, 2.39%, 0, 0, 6, 3.88
1500354209, 77, 12, 21, 1, 0, 2.39%, 0, 0, 6, 4.03
1500354219, 78, 11, 21, 1, 0, 2.39%, 0, 0, 6, 4.00
1500354235, 78, 12, 21, 1, 0, 2.39%, 0, 0, 6, 4.03
1500354245, 79, 11, 21, 1, 0, 2.39%, 0, 0, 6, 4.01
1500354260, 79, 12, 21, 1, 0, 2.39%, 0, 0, 6, 3.93
1500354271, 79, 17, 21, 1, 0, 2.39%, 0, 0, 6, 3.96
1500354398, 79, 20, 21, 1, 0, 2.39%, 0, 0, 6, 4.01
1500354541, 80, 11, 21, 0, 0, 2.39%, 0, 0, 6, 3.93
1500354552, 80, 12, 21, 0, 0, 2.39%, 0, 0, 6, 4.00
1500354567, 81, 6, 21, 0, 0, 2.39%, 0, 0, 6, 4.00
1500354634, 81, 11, 21, 0, 0, 2.39%, 0, 0, 6, 3.94
1500354649, 81, 12, 21, 0, 0, 2.39%, 0, 0, 6, 3.97
1500354659, 82, 11, 21, 0, 0, 2.39%, 0, 0, 6, 4.00
1500354674, 82, 12, 21, 0, 0, 2.39%, 0, 0, 6, 3.95
1500354685, 83, 4, 21, 0, 0, 2.39%, 0, 0, 6, 3.99
1500354751, 83, 11, 21, 0, 0, 2.39%, 0, 0, 6, 3.93
1500354766, 83, 12, 21, 0, 0, 2.39%, 0, 0, 6, 3.95
1500354777, 84, 5, 21, 0, 0, 2.39%, 0, 0, 6, 3.97
1500354843, 84, 11, 21, 0, 0, 2.39%, 0, 0, 6, 3.94
1500354853, 84, 12, 21, 0, 0, 2.39%, 0, 0, 6, 3.91
1500354869, 84, 16, 21, 0, 0, 2.39%, 0, 0, 6, 4.10
1500354996, 84, 17, 21, 0, 0, 2.39%, 0, 0, 6, 4.01
1500355135, 84, 19, 21, 0, 0, 2.39%, 0, 0, 6, 3.97
1500355207, 85, 6, 21, 0, 0, 2.39%, 0, 0, 6, 4.01
1500355268, 85, 11, 21, 0, 0, 2.39%, 0, 0, 6, 3.99
1500355278, 85, 12, 21, 0, 0, 2.39%, 0, 0, 6, 3.90
1500355293, 85, 16, 21, 0, 0, 2.39%, 0, 0, 6, 4.07
1500355437, 86, 6, 21, 0, 0, 2.39%, 0, 0, 6, 4.06
1500355503, 86, 10, 21, 0, 0, 2.39%, 0, 0, 6, 3.98
1500355565, 86, 11, 21, 0, 0, 2.39%, 0, 0, 6, 3.99
1500355575, 86, 12, 21, 0, 0, 2.39%, 0, 0, 6, 3.91
1500355590, 86, 13, 21, 0, 0, 2.39%, 0, 0, 6, 3.96
1500355652, 87, 1, 21, 0, 0, 2.39%, 0, 0, 6, 4.14
1500355703, 87, 11, 21, 0, 0, 2.39%, 0, 0, 6, 3.99
1500355719, 87, 12, 21, 0, 0, 2.39%, 0, 0, 6, 4.03
1500355729, 87, 17, 21, 0, 0, 2.39%, 0, 0, 6, 3.99
1500355872, 88, 11, 21, 0, 0, 2.39%, 0, 0, 6, 3.97
1500355882, 88, 12, 21, 0, 0, 2.39%, 0, 0, 6, 4.02
1500355898, 89, 9, 21, 0, 0, 2.39%, 0, 0, 6, 3.99
1500355954, 89, 11, 21, 0, 0, 2.39%, 0, 0, 6, 3.96
1500355969, 89, 12, 21, 0, 0, 2.39%, 0, 0, 6, 3.95
1500355980, 89, 20, 21, 0, 0, 2.39%, 0, 0, 6, 4.01
1500356112, 90, 3, 21, 0, 0, 2.39%, 0, 0, 6, 3.94
1500356168, 90, 11, 21, 0, 0, 2.39%, 0, 0, 6, 3.92
1500356184, 90, 12, 21, 0, 0, 2.39%, 0, 0, 6, 4.00
1500356194, 91, 7, 21, 0, 0, 2.39%, 0, 0, 6, 3.92
1500356250, 91, 11, 21, 0, 0, 2.39%, 0, 0, 6, 3.98
1500356265, 91, 12, 21, 0, 0, 2.39%, 0, 0, 6, 4.01
1500356275, 92, 1, 21, 0, 0, 2.39%, 0, 0, 6, 4.00
1500356337, 92, 3, 21, 0, 0, 2.39%, 0, 0, 6, 3.97
1500356393, 92, 11, 21, 0, 0, 2.39%, 0, 0, 6, 3.96
1500356408, 92, 12, 21, 0, 0, 2.39%, 0, 0, 6, 3.96
1500356419, 93, 11, 21, 0, 0, 2.39%, 0, 0, 6, 4.03
1500356434, 93, 12, 21, 0, 0, 2.39%, 0, 0, 6, 4.04
1500356444, 94, 11, 21, 0, 0, 2.39%, 0, 0, 6, 4.01
1500356460, 94, 12, 21, 0, 0, 2.39%, 0, 0, 6, 3.98
1500356470, 95, 0, 21, 0, 0, 2.39%, 0, 0, 6, 3.97
1500356536, 95, 7, 21, 0, 0, 2.39%, 0, 0, 6, 4.01
1500356598, 95, 11, 21, 0, 0, 2.39%, 0, 0, 6, 3.94
1500356613, 95, 12, 21, 0, 0, 2.39%, 0, 0, 6, 4.02
1500356618, 95, 12, 22, 1, 0, 2.39%, 0, 0, 6, 3.90
1500356638, 95, 21, 22, 1, 1, 2.39%, 0, 0, 6, 3.99
1500356690, 96, 0, 22, 0, 0, 2.39%, 0, 0, 6, 3.98
1500356751, 96, 11, 22, 0, 0, 2.39%, 0, 0, 6, 3.99
1500356761, 96, 21, 22, 0, 0, 2.39%, 0, 0, 6, 4.00
1500356812, 97, 11, 22, 0, 0, 2.39%, 0, 0, 6, 4.01
1500356827, 97, 21, 22, 0, 0, 2.39%, 0, 0, 6, 3.83
1500356879, 98, 11, 22, 0, 0, 2.39%, 0, 0, 6, 3.95
1500356894, 98, 21, 22, 0, 0, 2.39%, 0, 0, 6, 3.94
1500356945, 99, 11, 22, 0, 0, 2.39%, 0, 0, 6, 3.97
1500356956, 99, 21, 22, 0, 0, 2.39%, 0, 0, 6, 3.91
1500357007, 100, 11, 22, 0, 0, 2.39%, 0, 0, 6, 4.00
1500357022, 100, 21, 22, 0, 0, 2.39%, 0, 0, 6, 3.92
1500357073, 101, 3, 22, 0, 0, 2.39%, 0, 0, 6, 3.89
1500357119, 101, 11, 22, 0, 0, 2.39%, 0, 0, 6, 4.01
1500357134, 101, 21, 22, 0, 0, 2.39%, 0, 0, 6, 4.02
1500357185, 102, 11, 22, 0, 0, 2.39%, 0, 0, 6, 3.99
1500357200, 102, 14, 22, 0, 0, 2.39%, 0, 0, 6, 3.97
1500357257, 102, 19, 22, 0, 0, 2.39%, 0, 0, 6, 3.95
1500357338, 102, 21, 22, 0, 0, 2.39%, 0, 0, 6, 3.95
1500357389, 103, 11, 22, 0, 0, 2.39%, 0, 0, 6, 4.01
1500357405, 103, 21, 22, 0, 0, 2.39%, 0, 0, 6, 3.94
1500357456, 104, 11, 22, 0, 0, 2.39%, 0, 0, 6, 4.03
1500357471, 104, 21, 22, 0, 0, 2.39%, 0, 0, 6, 4.02
1500357523, 105, 6, 22, 0, 0, 2.39%, 0, 0, 6, 3.90
1500357584, 105, 11, 22, 0, 0, 2.39%, 0, 0, 6, 4.01
1500357599, 105, 21, 22, 0, 0, 2.39%, 0, 0, 6, 4.04
1500357650, 106, 1, 22, 0, 0, 2.39%, 0, 0, 6, 4.01
1500357706, 106, 11, 22, 0, 0, 2.39%, 0, 0, 6, 3.95
1500357716, 106, 21, 22, 0, 0, 2.39%, 0, 0, 6, 4.00
1500357768, 107, 11, 22, 0, 0, 2.39%, 0, 0, 6, 3.88
1500357783, 107, 21, 22, 0, 0, 2.39%, 0, 0, 6, 3.99
1500357834, 108, 4, 22, 0, 0, 2.39%, 0, 0, 6, 4.03
1500357891, 108, 11, 22, 0, 0, 2.39%, 0, 0, 6, 3.94
1500357906, 108, 21, 22, 0, 0, 2.39%, 0, 0, 6, 4.04
1500357957, 109, 11, 22, 0, 0, 2.39%, 0, 0, 6, 4.22
1500357967, 109, 21, 22, 0, 0, 2.39%, 0, 0, 6, 4.02
1500358019, 110, 2, 22, 0, 0, 2.39%, 0, 0, 6, 4.05
1500358085, 110, 7, 22, 0, 0, 2.39%, 0, 0, 6, 3.99
1500358131, 110, 11, 22, 0, 0, 2.39%, 0, 0, 6, 4.02
1500358142, 110, 12, 22, 0, 0, 2.39%, 0, 0, 6, 3.88
1500358157, 110, 21, 22, 0, 0, 2.39%, 0, 0, 6, 3.97
1500358208, 111, 8, 22, 0, 0, 2.39%, 0, 0, 6, 3.89
1500358269, 111, 11, 22, 0, 0, 2.39%, 0, 0, 6, 3.99
1500358279, 111, 20, 22, 0, 0, 2.39%, 0, 0, 6, 3.96
1500358412, 111, 21, 22, 0, 0, 2.39%, 0, 0, 6, 4.03
1500358463, 112, 11, 22, 0, 0, 2.39%, 0, 0, 6, 4.00
1500358479, 112, 13, 22, 0, 0, 2.39%, 0, 0, 6, 3.96
1500358540, 112, 21, 22, 0, 0, 2.39%, 0, 0, 6, 3.90
1500358596, 113, 1, 22, 0, 0, 2.39%, 0, 0, 6, 3.94
1500358652, 113, 6, 22, 0, 0, 2.39%, 0, 0, 6, 3.99
1500358713, 113, 11, 22, 0, 0, 2.39%, 0, 0, 6, 4.00
1500358724, 113, 14, 22, 0, 0, 2.39%, 0, 0, 6, 3.95
1500358790, 113, 17, 22, 0, 0, 2.39%, 0, 0, 6, 4.01
1500358933, 113, 21, 22, 0, 0, 2.39%, 0, 0, 6, 4.02
1500358984, 114, 11, 22, 0, 0, 2.39%, 0, 0, 6, 4.01
1500358999, 114, 21, 22, 0, 0, 2.39%, 0, 0, 6, 3.97
1500359050, 115, 11, 22, 0, 0, 2.39%, 0, 0, 6, 3.87
1500359060, 115, 21, 22, 0, 0, 2.39%, 0, 0, 6, 3.98
1500359116, 116, 0, 22, 0, 0, 2.39%, 0, 0, 6, 3.97
1500359177, 116, 9, 22, 0, 0, 2.39%, 0, 0, 6, 3.96
1500359233, 116, 11, 22, 0, 0, 2.39%, 0, 0, 6, 3.94
1500359244, 116, 21, 22, 0, 0, 2.39%, 0, 0, 6, 4.02
1500359295, 117, 11, 22, 0, 0, 2.39%, 0, 0, 6, 3.98
1500359310, 117, 14, 22, 0, 0, 2.39%, 0, 0, 6, 3.98
1500359371, 117, 20, 22, 0, 0, 2.39%, 0, 0, 6, 3.98
1500359504, 117, 21, 22, 0, 0, 2.39%, 0, 0, 6, 3.96
1500359555, 118, 11, 22, 0, 0, 2.39%, 0, 0, 6, 3.96
1500359565, 118, 21, 22, 0, 0, 2.39%, 0, 0, 6, 4.00
1500359596, 119, 11, 22, 0, 0, 2.39%, 0, 0, 6, 4.00
1500359606, 119, 15, 22, 0, 0, 2.39%, 0, 0, 6, 3.97
1500359657, 119, 21, 22, 0, 0, 2.39%, 0, 0, 6, 4.11
1500359688, 120, 8, 22, 0, 0, 2.39%, 0, 0, 6, 4.02
1500359744, 120, 11, 22, 0, 0, 2.39%, 0, 0, 6, 3.94
1500359759, 120, 16, 22, 0, 0, 2.39%, 0, 0, 6, 3.93
1500359820, 120, 21, 22, 0, 0, 2.39%, 0, 0, 6, 3.91
1500359846, 121, 11, 22, 0, 0, 2.39%, 0, 0, 6, 3.99
1500359861, 121, 21, 22, 0, 0, 2.39%, 0, 0, 6, 4.00
1500359871, 122, 0, 22, 0, 0, 2.39%, 0, 0, 6, 4.17
1500359927, 122, 11, 22, 0, 0, 2.39%, 0, 0, 6, 3.95
1500359938, 122, 21, 22, 0, 0, 2.39%, 0, 0, 6, 3.96
1500359953, 123, 6, 22, 0, 0, 2.39%, 0, 0, 6, 3.95
1500360014, 123, 11, 22, 0, 0, 2.39%, 0, 0, 6, 3.90
1500360029, 123, 21, 22, 0, 0, 2.39%, 0, 0, 6, 4.04
1500360040, 124, 11, 22, 0, 0, 2.39%, 0, 0, 6, 3.94
1500360055, 124, 21, 22, 0, 0, 2.39%, 0, 0, 6, 3.92
1500360065, 125, 4, 22, 0, 0, 2.39%, 0, 0, 6, 4.06
1500360131, 125, 11, 22, 0, 0, 2.39%, 0, 0, 6, 3.95
1500360142, 125, 20, 22, 0, 0, 2.39%, 0, 0, 6, 4.02
1500360275, 125, 21, 22, 0, 0, 2.39%, 0, 0, 6, 4.03
1500360290, 126, 11, 22, 0, 0, 2.39%, 0, 0, 6, 3.95
1500360301, 126, 21, 22, 0, 0, 2.39%, 0, 0, 6, 3.96
1500360316, 127, 11, 22, 0, 0, 2.39%, 0, 0, 6, 3.97
1500360326, 127, 21, 22, 0, 0, 2.39%, 0, 0, 6, 3.95
1500360341, 128, 4, 22, 0, 0, 2.39%, 0, 0, 6, 3.98
1500360398, 128, 11, 22, 0, 0, 2.39%, 0, 0, 6, 3.82
1500360408, 128, 21, 22, 0, 0, 2.39%, 0, 0, 6, 4.04
1500360423, 129, 11, 22, 0, 0, 2.39%, 0, 0, 6, 4.01
1500360433, 129, 20, 22, 0, 0, 2.39%, 0, 0, 6, 4.06
1500360531, 129, 20, 23, 1, 0, 2.39%, 0, 0, 6, 3.91
1500360571, 129, 20, 24, 2, 0, 2.39%, 0, 0, 6, 3.93
1500360581, 129, 21, 24, 2, 0, 2.39%, 0, 0, 6, 3.86
1500360591, 130, 2, 24, 2, 0, 2.39%, 0, 0, 6, 3.95
1500360658, 130, 6, 24, 2, 0, 2.39%, 0, 0, 6, 3.95
1500360704, 130, 11, 24, 2, 0, 2.39%, 0, 0, 6, 3.91
1500360714, 130, 21, 24, 2, 0, 2.39%, 0, 0, 6, 3.89
1500360729, 131, 6, 24, 2, 0, 2.39%, 0, 0, 6, 3.98
1500360791, 131, 11, 24, 2, 0, 2.39%, 0, 0, 6, 3.88
1500360801, 131, 21, 24, 2, 0, 2.39%, 0, 0, 6, 3.90
1500360817, 131, 23, 24, 2, 0, 2.39%, 0, 0, 6, 3.96
1500360868, 132, 11, 24, 1, 0, 2.39%, 0, 0, 6, 3.98
1500360878, 132, 16, 24, 1, 0, 2.39%, 0, 0, 6, 3.95
1500360965, 132, 21, 24, 1, 0, 2.39%, 0, 0, 6, 3.98
1500360980, 132, 22, 24, 1, 0, 2.39%, 0, 0, 6, 3.90
1500361109, 133, 11, 24, 0, 0, 2.39%, 0, 0, 6, 3.93
1500361124, 133, 21, 24, 0, 0, 2.39%, 0, 0, 6, 3.99
1500361135, 134, 11, 24, 0, 0, 2.39%, 0, 0, 6, 3.97
1500361150, 134, 21, 24, 0, 0, 2.39%, 0, 0, 6, 3.95
1500361160, 135, 11, 24, 0, 0, 2.39%, 0, 0, 6, 4.16
1500361176, 135, 21, 24, 0, 0, 2.39%, 0, 0, 6, 3.98
1500361186, 136, 11, 24, 0, 0, 2.39%, 0, 0, 6, 3.91
1500361201, 136, 21, 24, 0, 0, 2.39%, 0, 0, 6, 3.93
1500361212, 137, 11, 24, 0, 0, 2.39%, 0, 0, 6, 4.01
1500361227, 137, 21, 24, 0, 0, 2.39%, 0, 0, 6, 3.97
1500361237, 138, 11, 24, 0, 0, 2.39%, 0, 0, 6, 3.92
1500361252, 138, 21, 24, 0, 0, 2.39%, 0, 0, 6, 3.96
1500361268, 139, 11, 24, 0, 0, 2.39%, 0, 0, 6, 3.93
1500361278, 139, 21, 24, 0, 0, 2.39%, 0, 0, 6, 3.99
1500361288, 140, 11, 24, 0, 0, 2.39%, 0, 0, 6, 4.01
1500361303, 140, 14, 24, 0, 0, 2.39%, 0, 0, 6, 4.06
1500361360, 140, 21, 24, 0, 0, 2.39%, 0, 0, 6, 3.94
1500361370, 141, 11, 24, 0, 0, 2.39%, 0, 0, 6, 3.90
1500361385, 141, 21, 24, 0, 0, 2.39%, 0, 0, 6, 4.00
1500361395, 142, 4, 24, 0, 0, 2.39%, 0, 0, 6, 4.02
1500361447, 142, 11, 24, 0, 0, 2.39%, 0, 0, 6, 4.00
1500361462, 142, 21, 24, 0, 0, 2.39%, 0, 0, 6, 4.00
1500361472, 143, 11, 24, 0, 0, 2.39%, 0, 0, 6, 3.95
1500361488, 143, 21, 24, 0, 0, 2.39%, 0, 0, 6, 4.02
1500361498, 144, 11, 24, 0, 0, 2.39%, 0, 0, 6, 3.96
1500361513, 144, 21, 24, 0, 0, 2.39%, 0, 0, 6, 3.92
1500361524, 145, 5, 24, 0, 0, 2.39%, 0, 0, 6, 3.96
1500361590, 145, 11, 24, 0, 0, 2.39%, 0, 0, 6, 3.96
1500361601, 145, 21, 24, 0, 0, 2.39%, 0, 0, 6, 3.90
1500361616, 146, 11, 24, 0, 0, 2.39%, 0, 0, 6, 3.99
1500361626, 146, 21, 24, 0, 0, 2.39%, 0, 0, 6, 3.86
1500361642, 147, 11, 24, 0, 0, 2.39%, 0, 0, 6, 3.99
1500361652, 147, 15, 24, 0, 0, 2.39%, 0, 0, 6, 3.96
1500361662, 147, 15, 25, 1, 0, 2.39%, 0, 0, 6, 3.85
1500361733, 147, 21, 25, 1, 0, 2.39%, 0, 0, 6, 3.92
1500361749, 147, 24, 25, 1, 0, 2.39%, 0, 0, 6, 3.95
1500361913, 148, 11, 25, 0, 0, 2.39%, 0, 0, 6, 3.90
1500361928, 148, 21, 25, 0, 0, 2.39%, 0, 0, 6, 3.90
1500361938, 149, 11, 25, 0, 0, 2.39%, 0, 0, 6, 3.98
1500361954, 149, 14, 25, 0, 0, 2.39%, 0, 0, 6, 3.96
1500362020, 149, 21, 25, 0, 0, 2.39%, 0, 0, 6, 3.95
1500362030, 149, 23, 25, 0, 0, 2.39%, 0, 0, 6, 4.02
1500362086, 150, 8, 25, 0, 0, 2.39%, 0, 0, 6, 4.01
1500362137, 150, 11, 25, 0, 0, 2.39%, 0, 0, 6, 4.02
1500362147, 150, 14, 25, 0, 0, 2.39%, 0, 0, 6, 3.94
1500362198, 150, 21, 25, 0, 0, 2.39%, 0, 0, 6, 3.82
1500362213, 151, 11, 25, 0, 0, 2.39%, 0, 0, 6, 3.89
1500362224, 151, 21, 25, 0, 0, 2.39%, 0, 0, 6, 3.94
1500362239, 151, 24, 25, 0, 0, 2.39%, 0, 0, 6, 3.95
1500362357, 152, 11, 25, 0, 0, 2.39%, 0, 0, 6, 4.08
1500362372, 152, 21, 25, 0, 0, 2.39%, 0, 0, 6, 4.02
1500362383, 153, 11, 25, 0, 0, 2.39%, 0, 0, 6, 3.95
1500362398, 153, 18, 25, 0, 0, 2.39%, 0, 0, 6, 4.02
1500362403, 153, 18, 26, 1, 0, 2.39%, 0, 0, 6, 4.00
1500362500, 153, 21, 26, 1, 0, 2.39%, 0, 0, 6, 4.00
1500362516, 154, 11, 26, 1, 0, 2.39%, 0, 0, 6, 4.03
1500362526, 154, 21, 26, 1, 0, 2.39%, 0, 0, 6, 4.00
1500362541, 155, 11, 26, 1, 0, 2.39%, 0, 0, 6, 3.96
1500362552, 155, 21, 26, 1, 0, 2.39%, 0, 0, 6, 4.03
1500362567, 155, 25, 26, 1, 0, 2.39%, 0, 0, 6, 4.01
1500362593, 156, 11, 26, 0, 0, 2.39%, 0, 0, 6, 4.01
1500362608, 156, 21, 26, 0, 0, 2.39%, 0, 0, 6, 3.92
1500362618, 157, 11, 26, 0, 0, 2.39%, 0, 0, 6, 3.91
1500362634, 157, 19, 26, 0, 0, 2.39%, 0, 0, 6, 3.96
1500362710, 157, 21, 26, 0, 0, 2.39%, 0, 0, 6, 3.96
1500362725, 158, 11, 26, 0, 0, 2.39%, 0, 0, 6, 4.00
1500362735, 158, 21, 26, 0, 0, 2.39%, 0, 0, 6, 4.03
1500362751, 159, 11, 26, 0, 0, 2.39%, 0, 0, 6, 4.13
1500362761, 159, 21, 26, 0, 0, 2.39%, 0, 0, 6, 3.95
1500362777, 160, 11, 26, 0, 0, 2.39%, 0, 0, 6, 4.00
1500362787, 160, 18, 26, 0, 0, 2.39%, 0, 0, 6, 3.97
1500362869, 160, 21, 26, 0, 0, 2.39%, 0, 0, 6, 4.08
1500362885, 161, 11, 26, 0, 0, 2.39%, 0, 0, 6, 4.00
1500362895, 161, 21, 26, 0, 0, 2.39%, 0, 0, 6, 3.97
1500362905, 162, 0, 26, 0, 0, 2.39%, 0, 0, 6, 4.03
1500362967, 162, 11, 26, 0, 0, 2.39%, 0, 0, 6, 4.02
1500362977, 162, 21, 26, 0, 0, 2.39%, 0, 0, 6, 3.83
1500362993, 162, 22, 26, 0, 0, 2.39%, 0, 0, 6, 3.99
1500363141, 163, 6, 26, 0, 0, 2.39%, 0, 0, 6, 3.94
1500363192, 163, 11, 26, 0, 0, 2.39%, 0, 0, 6, 3.93
1500363203, 163, 21, 26, 0, 0, 2.39%, 0, 0, 6, 3.90
1500363218, 164, 11, 26, 0, 0, 2.39%, 0, 0, 6, 3.93
1500363228, 164, 16, 26, 0, 0, 2.39%, 0, 0, 6, 3.90
1500363294, 164, 19, 26, 0, 0, 2.39%, 0, 0, 6, 4.09
1500363376, 164, 21, 26, 0, 0, 2.39%, 0, 0, 6, 4.05
1500363387, 165, 11, 26, 0, 0, 2.39%, 0, 0, 6, 4.02
1500363402, 165, 21, 26, 0, 0, 2.39%, 0, 0, 6, 3.95
1500363413, 166, 1, 26, 0, 0, 2.39%, 0, 0, 6, 4.11
1500363469, 166, 11, 26, 0, 0, 2.39%, 0, 0, 6, 3.98
1500363479, 166, 21, 26, 0, 0, 2.39%, 0, 0, 6, 3.99
1500363494, 167, 0, 26, 0, 0, 2.39%, 0, 0, 6, 3.99
1500363555, 167, 11, 26, 0, 0, 2.39%, 0, 0, 6, 3.98
1500363566, 167, 18, 26, 0, 0, 2.39%, 0, 0, 6, 3.98
1500363652, 167, 21, 26, 0, 0, 2.39%, 0, 0, 6, 4.04
1500363668, 168, 11, 26, 0, 0, 2.39%, 0, 0, 6, 3.90
1500363678, 168, 21, 26, 0, 0, 2.39%, 0, 0, 6, 3.95
1500363693, 169, 11, 26, 0, 0, 2.39%, 0, 0, 6, 4.02
1500363703, 169, 21, 26, 0, 0, 2.39%, 0, 0, 6, 4.04
1500363718, 170, 11, 26, 0, 0, 2.39%, 0, 0, 6, 3.93
1500363729, 170, 21, 26, 0, 0, 2.39%, 0, 0, 6, 3.95
1500363744, 171, 11, 26, 0, 0, 2.39%, 0, 0, 6, 4.00
1500363754, 171, 21, 26, 0, 0, 2.39%, 0, 0, 6, 4.00
1500363770, 172, 7, 26, 0, 0, 2.39%, 0, 0, 6, 4.04
1500363821, 172, 11, 26, 0, 0, 2.39%, 0, 0, 6, 3.94
1500363836, 172, 20, 26, 0, 0, 2.39%, 0, 0, 6, 4.00
1500363949, 172, 21, 26, 0, 0, 2.39%, 0, 0, 6, 3.97
1500363964, 172, 25, 26, 0, 0, 2.39%, 0, 0, 6, 3.92
1500363990, 173, 11, 26, 0, 0, 2.39%, 0, 0, 6, 3.95
1500364000, 173, 21, 26, 0, 0, 2.39%, 0, 0, 6, 3.93
1500364016, 174, 9, 26, 0, 0, 2.39%, 0, 0, 6, 3.93
1500364077, 174, 11, 26, 0, 0, 2.39%, 0, 0, 6, 3.93
1500364087, 174, 21, 26, 0, 0, 2.39%, 0, 0, 6, 3.99
1500364102, 175, 11, 26, 0, 0, 2.39%, 0, 0, 6, 4.07
1500364113, 175, 15, 26, 0, 0, 2.39%, 0, 0, 6, 4.02
1500364179, 175, 18, 26, 0, 0, 2.39%, 0, 0, 6, 4.00
1500364251, 175, 21, 26, 0, 0, 2.39%, 0, 0, 6, 3.93
1500364261, 175, 22, 26, 0, 0, 2.39%, 0, 0, 6, 4.00
1500364389, 176, 11, 26, 0, 0, 2.39%, 0, 0, 6, 3.94
1500364404, 176, 21, 26, 0, 0, 2.39%, 0, 0, 6, 3.96
1500364415, 177, 9, 26, 0, 0, 2.39%, 0, 0, 6, 3.95
1500364471, 177, 11, 26, 0, 0, 2.39%, 0, 0, 6, 4.10
1500364481, 177, 16, 26, 0, 0, 2.39%, 0, 0, 6, 4.01
1500364548, 177, 21, 26, 0, 0, 2.39%, 0, 0, 6, 3.97
1500364558, 177, 22, 26, 0, 0, 2.39%, 0, 0, 6, 3.98
1500364680, 178, 2, 26, 0, 0, 2.39%, 0, 0, 6, 3.97
1500364742, 178, 10, 26, 0, 0, 2.39%, 0, 0, 6, 3.98
1500364798, 178, 11, 26, 0, 0, 2.39%, 0, 0, 6, 3.93
1500364814, 178, 21, 26, 0, 0, 2.39%, 0, 0, 6, 4.08
1500364824, 179, 11, 26, 0, 0, 2.39%, 0, 0, 6, 3.98
1500364839, 179, 21, 26, 0, 0, 2.39%, 0, 0, 6, 4.01
1500364849, 179, 22, 26, 0, 0, 2.39%, 0, 0, 6, 3.98
1500364982, 180, 8, 26, 0, 0, 2.39%, 0, 0, 6, 3.98
1500365049, 180, 11, 26, 0, 0, 2.39%, 0, 0, 6, 3.93
1500365059, 180, 12, 26, 0, 0, 2.39%, 0, 0, 6, 4.02
1500365074, 180, 21, 26, 0, 0, 2.39%, 0, 0, 6, 3.95
1500365085, 181, 6, 26, 0, 0, 2.39%, 0, 0, 6, 4.04
1500365146, 181, 11, 26, 0, 0, 2.39%, 0, 0, 6, 4.01
1500365157, 181, 21, 26, 0, 0, 2.39%, 0, 0, 6, 4.00
1500365172, 181, 23, 26, 0, 0, 2.39%, 0, 0, 6, 3.99
1500365223, 182, 11, 26, 0, 0, 2.39%, 0, 0, 6, 3.94
1500365238, 182, 12, 26, 0, 0, 2.39%, 0, 0, 6, 3.93
1500365249, 182, 21, 26, 0, 0, 2.39%, 0, 0, 6, 3.92
1500365264, 183, 0, 26, 0, 0, 2.39%, 0, 0, 6, 3.90
1500365320, 183, 11, 26, 0, 0, 2.39%, 0, 0, 6, 3.86
1500365336, 183, 17, 26, 0, 0, 2.39%, 0, 0, 6, 4.01
1500365469, 183, 21, 26, 0, 0, 2.39%, 0, 0, 6, 3.93
1500365484, 184, 4, 26, 0, 0, 2.39%, 0, 0, 6, 3.87
1500365530, 184, 5, 26, 0, 0, 2.39%, 0, 0, 6, 3.94
1500365586, 184, 11, 26, 0, 0, 2.39%, 0, 0, 6, 3.98
1500365596, 184, 21, 26, 0, 0, 2.39%, 0, 0, 6, 3.96
1500365611, 185, 0, 26, 0, 0, 2.39%, 0, 0, 6, 3.98
1500365657, 185, 11, 26, 0, 0, 2.39%, 0, 0, 6, 4.01
1500365667, 185, 21, 26, 0, 0, 2.39%, 0, 0, 6, 3.99
1500365683, 185, 23, 26, 0, 0, 2.39%, 0, 0, 6, 3.98
1500365734, 186, 11, 26, 0, 0, 2.39%, 0, 0, 6, 3.95
1500365749, 186, 21, 26, 0, 0, 2.39%, 0, 0, 6, 3.85
1500365760, 187, 11, 26, 0, 0, 2.39%, 0, 0, 6, 3.89
1500365775, 187, 14, 26, 0, 0, 2.39%, 0, 0, 6, 3.96
1500365842, 187, 19, 26, 0, 0, 2.39%, 0, 0, 6, 3.95
1500365852, 187, 19, 27, 1, 0, 2.39%, 0, 0, 6, 4.00
1500365944, 187, 21, 27, 1, 0, 2.39%, 0, 0, 6, 3.96
1500365960, 187, 22, 27, 1, 0, 2.39%, 0, 0, 6, 3.99
1500366087, 187, 23, 27, 1, 0, 2.39%, 0, 0, 6, 3.96
1500366138, 188, 4, 27, 1, 0, 2.39%, 0, 0, 6, 3.98
1500366194, 188, 11, 27, 1, 0, 2.39%, 0, 0, 6, 4.02
1500366209, 188, 12, 27, 1, 0, 2.39%, 0, 0, 6, 3.99
1500366220, 188, 18, 27, 1, 0, 2.39%, 0, 0, 6, 3.97
1500366307, 188, 21, 27, 1, 0, 2.39%, 0, 0, 6, 3.94
1500366317, 188, 24, 27, 1, 0, 2.39%, 0, 0, 6, 3.95
1500366450, 189, 11, 27, 1, 0, 2.39%, 0, 0, 6, 3.99
1500366465, 189, 21, 27, 1, 0, 2.39%, 0, 0, 6, 3.98
1500366480, 190, 11, 27, 1, 0, 2.39%, 0, 0, 6, 4.01
1500366491, 190, 21, 27, 1, 0, 2.39%, 0, 0, 6, 3.95
1500366506, 190, 23, 27, 1, 0, 2.39%, 0, 0, 6, 3.95
1500366557, 191, 11, 27, 1, 0, 2.39%, 0, 0, 6, 3.98
1500366567, 191, 19, 27, 1, 0, 2.39%, 0, 0, 6, 3.87
1500366639, 191, 21, 27, 1, 0, 2.39%, 0, 0, 6, 3.88
1500366654, 192, 11, 27, 1, 0, 2.39%, 0, 0, 6, 3.96
1500366665, 192, 15, 27, 1, 0, 2.39%, 0, 0, 6, 3.98
1500366695, 192, 21, 27, 1, 0, 2.39%, 0, 0, 6, 3.98
1500366710, 193, 9, 27, 1, 0, 2.39%, 0, 0, 6, 3.98
1500366772, 193, 11, 27, 1, 0, 2.39%, 0, 0, 6, 4.12
1500366782, 193, 21, 27, 1, 0, 2.39%, 0, 0, 6, 3.97
1500366797, 193, 25, 27, 1, 0, 2.39%, 0, 0, 6, 4.05
1500366823, 194, 11, 27, 1, 0, 2.39%, 0, 0, 6, 3.94
1500366838, 194, 21, 27, 1, 0, 2.39%, 0, 0, 6, 3.97
1500366848, 194, 22, 27, 1, 0, 2.39%, 0, 0, 6, 3.88
1500366976, 195, 1, 27, 1, 0, 2.39%, 0, 0, 6, 3.92
1500367032, 195, 7, 27, 1, 0, 2.39%, 0, 0, 6, 3.93
1500367088, 195, 11, 27, 1, 0, 2.39%, 0, 0, 6, 3.99
1500367104, 195, 21, 27, 1, 0, 2.39%, 0, 0, 6, 4.00
1500367114, 196, 1, 27, 1, 0, 2.39%, 0, 0, 6, 4.08
1500367175, 196, 4, 27, 1, 0, 2.39%, 0, 0, 6, 4.01
1500367231, 196, 11, 27, 1, 0, 2.39%, 0, 0, 6, 3.96
1500367241, 196, 21, 27, 1, 0, 2.39%, 0, 0, 6, 3.90
1500367257, 197, 10, 27, 1, 0, 2.39%, 0, 0, 6, 4.03
1500367318, 197, 11, 27, 1, 0, 2.39%, 0, 0, 6, 4.02
1500367334, 197, 21, 27, 1, 0, 2.39%, 0, 0, 6, 4.00
1500367344, 198, 8, 27, 1, 0, 2.39%, 0, 0, 6, 4.06
1500367400, 198, 11, 27, 1, 0, 2.39%, 0, 0, 6, 3.94
1500367410, 198, 15, 27, 1, 0, 2.39%, 0, 0, 6, 4.01
1500367477, 198, 16, 27, 1, 0, 2.39%, 0, 0, 6, 3.94
1500367554, 198, 21, 27, 1, 0, 2.39%, 0, 0, 6, 3.98
1500367564, 198, 26, 27, 1, 0, 2.39%, 0, 0, 6, 3.92
1500367697, 199, 8, 27, 0, 0, 2.39%, 0, 0, 6, 3.98
1500367748, 199, 11, 27, 0, 0, 2.39%, 0, 0, 6, 3.93
1500367763, 199, 12, 27, 0, 0, 2.39%, 0, 0, 6, 3.98
1500367774, 199, 21, 27, 0, 0, 2.39%, 0, 0, 6, 3.97
1500367789, 199, 22, 27, 0, 0, 2.39%, 0, 0, 6, 3.99
1500367922, 200, 0, 27, 0, 0, 2.39%, 0, 0, 6, 4.02
1500367983, 200, 7, 27, 0, 0, 2.39%, 0, 0, 6, 4.00
1500368040, 200, 11, 27, 0, 0, 2.39%, 0, 0, 6, 3.97
1500368050, 200, 19, 27, 0, 0, 2.39%, 0, 0, 6, 3.96
1500368131, 200, 21, 27, 0, 0, 2.39%, 0, 0, 6, 3.94
1500368141, 200, 24, 27, 0, 0, 2.39%, 0, 0, 6, 3.99
1500368285, 201, 11, 27, 0, 0, 2.39%, 0, 0, 6, 3.97
1500368295, 201, 13, 27, 0, 0, 2.39%, 0, 0, 6, 4.02
1500368356, 201, 21, 27, 0, 0, 2.39%, 0, 0, 6, 4.01
1500368372, 202, 5, 27, 0, 0, 2.39%, 0, 0, 6, 3.99
1500368428, 202, 11, 27, 0, 0, 2.39%, 0, 0, 6, 3.92
1500368443, 202, 21, 27, 0, 0, 2.39%, 0, 0, 6, 4.00
1500368458, 202, 25, 27, 0, 0, 2.39%, 0, 0, 6, 3.94
1500368484, 203, 5, 27, 0, 0, 2.39%, 0, 0, 6, 3.93
1500368541, 203, 11, 27, 0, 0, 2.39%, 0, 0, 6, 4.07
1500368556, 203, 21, 27, 0, 0, 2.39%, 0, 0, 6, 4.04
1500368566, 204, 2, 27, 0, 0, 2.39%, 0, 0, 6, 4.01
1500368627, 204, 5, 27, 0, 0, 2.39%, 0, 0, 6, 3.95
1500368683, 204, 11, 27, 0, 0, 2.39%, 0, 0, 6, 3.99
1500368699, 204, 21, 27, 0, 0, 2.39%, 0, 0, 6, 3.97
1500368714, 205, 11, 27, 0, 0, 2.39%, 0, 0, 6, 4.00
1500368724, 205, 18, 27, 0, 0, 2.39%, 0, 0, 6, 4.01
1500368806, 205, 21, 27, 0, 0, 2.39%, 0, 0, 6, 3.98
1500368821, 206, 10, 27, 0, 0, 2.39%, 0, 0, 6, 3.97
1500368878, 206, 11, 27, 0, 0, 2.39%, 0, 0, 6, 3.98
1500368893, 206, 21, 27, 0, 0, 2.39%, 0, 0, 6, 3.98
1500368904, 206, 23, 27, 0, 0, 2.39%, 0, 0, 6, 3.95
1500368955, 207, 2, 27, 0, 0, 2.39%, 0, 0, 6, 4.01
1500369021, 207, 3, 27, 0, 0, 2.39%, 0, 0, 6, 3.96
1500369073, 207, 11, 27, 0, 0, 2.39%, 0, 0, 6, 4.01
1500369088, 207, 12, 27, 0, 0, 2.39%, 0, 0, 6, 3.90
1500369098, 207, 13, 27, 0, 0, 2.39%, 0, 0, 6, 3.97
1500369165, 207, 21, 27, 0, 0, 2.39%, 0, 0, 6, 4.02
1500369175, 208, 11, 27, 0, 0, 2.39%, 0, 0, 6, 3.98
1500369191, 208, 21, 27, 0, 0, 2.39%, 0, 0, 6, 3.86
1500369206, 209, 11, 27, 0, 0, 2.39%, 0, 0, 6, 3.95
1500369216, 209, 19, 27, 0, 0, 2.39%, 0, 0, 6, 3.92
1500369282, 209, 21, 27, 0, 0, 2.39%, 0, 0, 6, 3.98
1500369298, 210, 3, 27, 0, 0, 2.39%, 0, 0, 6, 3.95
1500369349, 210, 8, 27, 0, 0, 2.39%, 0, 0, 6, 3.97
1500369405, 210, 11, 27, 0, 0, 2.39%, 0, 0, 6, 3.93
1500369420, 210, 21, 27, 0, 0, 2.39%, 0, 0, 6, 3.92
1500369430, 211, 11, 27, 0, 0, 2.39%, 0, 0, 6, 3.96
1500369446, 211, 17, 27, 0, 0, 2.39%, 0, 0, 6, 3.99
1500369533, 211, 21, 27, 0, 0, 2.39%, 0, 0, 6, 4.06
1500369543, 212, 11, 27, 0, 0, 2.39%, 0, 0, 6, 3.96
1500369559, 212, 21, 27, 0, 0, 2.39%, 0, 0, 6, 3.98
1500369569, 213, 8, 27, 0, 0, 2.39%, 0, 0, 6, 3.94
1500369630, 213, 11, 27, 0, 0, 2.39%, 0, 0, 6, 3.98
1500369646, 213, 14, 27, 0, 0, 2.39%, 0, 0, 6, 3.93
1500369697, 213, 21, 27, 0, 0, 2.39%, 0, 0, 6, 4.02
1500369712, 214, 11, 27, 0, 0, 2.39%, 0, 0, 6, 3.97
1500369722, 214, 21, 27, 0, 0, 2.39%, 0, 0, 6, 4.01
1500369737, 214, 26, 27, 0, 0, 2.39%, 0, 0, 6, 3.94
1500369850, 215, 11, 27, 0, 0, 2.39%, 0, 0, 6, 3.89
1500369865, 215, 21, 27, 0, 0, 2.39%, 0, 0, 6, 3.88
1500369876, 216, 11, 27, 0, 0, 2.39%, 0, 0, 6, 4.02
1500369891, 216, 21, 27, 0, 0, 2.39%, 0, 0, 6, 4.00
1500369901, 217, 0, 27, 0, 0, 2.39%, 0, 0, 6, 4.00
1500369952, 217, 7, 27, 0, 0, 2.39%, 0, 0, 6, 3.98
1500369993, 217, 11, 27, 0, 0, 2.39%, 0, 0, 6, 4.02
1500370008, 217, 21, 27, 0, 0, 2.39%, 0, 0, 6, 3.92
1500370024, 218, 11, 27, 0, 0, 2.39%, 0, 0, 6, 3.96
1500370034, 218, 21, 27, 0, 0, 2.39%, 0, 0, 6, 3.89
1500370049, 219, 11, 27, 0, 0, 2.39%, 0, 0, 6, 4.01
1500370059, 219, 12, 27, 0, 0, 2.39%, 0, 0, 6, 3.94
1500370075, 219, 21, 27, 0, 0, 2.39%, 0, 0, 6, 3.97
1500370085, 219, 24, 27, 0, 0, 2.39%, 0, 0, 6, 4.03
1500370202, 220, 2, 27, 0, 0, 2.39%, 0, 0, 6, 4.03
1500370258, 220, 11, 27, 0, 0, 2.39%, 0, 0, 6, 4.00
1500370273, 220, 15, 27, 0, 0, 2.39%, 0, 0, 6, 4.05
1500370330, 220, 21, 27, 0, 0, 2.39%, 0, 0, 6, 3.92
1500370340, 221, 11, 27, 0, 0, 2.39%, 0, 0, 6, 3.98
1500370355, 221, 21, 27, 0, 0, 2.39%, 0, 0, 6, 3.99
1500370366, 222, 11, 27, 0, 0, 2.39%, 0, 0, 6, 4.00
1500370381, 222, 21, 27, 0, 0, 2.39%, 0, 0, 6, 4.02
1500370392, 223, 11, 27, 0, 0, 2.39%, 0, 0, 6, 3.91
1500370407, 223, 13, 27, 0, 0, 2.39%, 0, 0, 6, 4.01
1500370463, 223, 21, 27, 0, 0, 2.39%, 0, 0, 6, 3.96
1500370478, 223, 25, 27, 0, 0, 2.39%, 0, 0, 6, 3.85
1500370504, 224, 11, 27, 0, 0, 2.39%, 0, 0, 6, 3.90
1500370514, 224, 14, 27, 0, 0, 2.39%, 0, 0, 6, 4.10
1500370519, 224, 14, 28, 1, 0, 2.39%, 0, 0, 6, 3.98
1500370586, 224, 21, 28, 1, 0, 2.39%, 0, 0, 6, 3.95
1500370601, 225, 11, 28, 1, 0, 2.39%, 0, 0, 6, 3.91
1500370616, 225, 17, 28, 1, 0, 2.39%, 0, 0, 6, 3.98
1500370672, 225, 21, 28, 1, 0, 2.39%, 0, 0, 6, 3.97
1500370682, 226, 11, 28, 1, 0, 2.39%, 0, 0, 6, 4.01
1500370698, 226, 13, 28, 1, 0, 2.39%, 0, 0, 6, 4.02
1500370759, 226, 17, 28, 1, 0, 2.39%, 0, 0, 6, 3.96
1500370825, 226, 21, 28, 1, 0, 2.39%, 0, 0, 6, 4.03
1500370840, 227, 11, 28, 1, 0, 2.39%, 0, 0, 6, 3.99
1500370851, 227, 14, 28, 1, 0, 2.39%, 0, 0, 6, 4.11
1500370917, 227, 21, 28, 1, 0, 2.39%, 0, 0, 6, 3.92
1500370927, 228, 11, 28, 1, 0, 2.39%, 0, 0, 6, 3.96
1500370942, 228, 21, 28, 1, 0, 2.39%, 0, 0, 6, 4.00
1500370952, 229, 4, 28, 1, 0, 2.39%, 0, 0, 6, 4.03
1500371014, 229, 11, 28, 1, 0, 2.39%, 0, 0, 6, 4.05
1500371029, 229, 12, 28, 1, 0, 2.39%, 0, 0, 6, 4.00
1500371040, 229, 17, 28, 1, 0, 2.39%, 0, 0, 6, 4.00
1500371111, 229, 21, 28, 1, 0, 2.39%, 0, 0, 6, 3.96
1500371126, 229, 27, 28, 1, 0, 2.39%, 0, 0, 6, 3.92
1500371208, 230, 11, 28, 0, 0, 2.39%, 0, 0, 6, 4.04
1500371218, 230, 18, 28, 0, 0, 2.39%, 0, 0, 6, 4.05
1500371279, 230, 21, 28, 0, 0, 2.39%, 0, 0, 6, 3.94
1500371294, 231, 11, 28, 0, 0, 2.39%, 0, 0, 6, 4.01
1500371309, 231, 21, 28, 0, 0, 2.39%, 0, 0, 6, 3.97
1500371319, 232, 8, 28, 0, 0, 2.39%, 0, 0, 6, 3.92
1500371381, 232, 11, 28, 0, 0, 2.39%, 0, 0, 6, 3.94
1500371391, 232, 21, 28, 0, 0, 2.39%, 0, 0, 6, 3.91
1500371406, 233, 2, 28, 0, 0, 2.39%, 0, 0, 6, 3.93
1500371467, 233, 11, 28, 0, 0, 2.39%, 0, 0, 6, 3.93
1500371483, 233, 21, 28, 0, 0, 2.39%, 0, 0, 6, 3.99
1500371493, 233, 26, 28, 0, 0, 2.39%, 0, 0, 6, 3.95
1500371621, 234, 11, 28, 0, 0, 2.39%, 0, 0, 6, 4.07
1500371636, 234, 13, 28, 0, 0, 2.39%, 0, 0, 6, 3.97
1500371698, 234, 21, 28, 0, 0, 2.39%, 0, 0, 6, 3.89
1500371709, 235, 11, 28, 0, 0, 2.39%, 0, 0, 6, 3.94
1500371724, 235, 13, 28, 0, 0, 2.39%, 0, 0, 6, 4.03
1500371791, 235, 21, 28, 0, 0, 2.39%, 0, 0, 6, 4.01
1500371801, 236, 1, 28, 0, 0, 2.39%, 0, 0, 6, 4.03
1500371863, 236, 11, 28, 0, 0, 2.39%, 0, 0, 6, 3.92
1500371873, 236, 21, 28, 0, 0, 2.39%, 0, 0, 6, 3.90
1500371888, 237, 0, 28, 0, 0, 2.39%, 0, 0, 6, 3.83
1500371949, 237, 2, 28, 0, 0, 2.39%, 0, 0, 6, 3.92
1500372010, 237, 11, 28, 0, 0, 2.39%, 0, 0, 6, 3.92
1500372021, 237, 21, 28, 0, 0, 2.39%, 0, 0, 6, 3.93
1500372036, 238, 11, 28, 0, 0, 2.39%, 0, 0, 6, 3.98
1500372046, 238, 21, 28, 0, 0, 2.39%, 0, 0, 6, 4.03
1500372062, 239, 8, 28, 0, 0, 2.39%, 0, 0, 6, 3.97
1500372118, 239, 11, 28, 0, 0, 2.39%, 0, 0, 6, 3.89
1500372128, 239, 21, 28, 0, 0, 2.39%, 0, 0, 6, 3.91
1500372143, 240, 11, 28, 0, 0, 2.39%, 0, 0, 6, 4.02
1500372154, 240, 21, 28, 0, 0, 2.39%, 0, 0, 6, 3.93
1500372169, 241, 1, 28, 0, 0, 2.39%, 0, 0, 6, 3.97
1500372230, 241, 8, 28, 0, 0, 2.39%, 0, 0, 6, 4.00
1500372301, 241, 11, 28, 0, 0, 2.39%, 0, 0, 6, 3.96
1500372312, 241, 16, 28, 0, 0, 2.39%, 0, 0, 6, 3.95
1500372378, 241, 17, 28, 0, 0, 2.39%, 0, 0, 6, 3.99
1500372444, 241, 20, 28, 0, 0, 2.39%, 0, 0, 6, 3.97
1500372592, 241, 21, 28, 0, 0, 2.39%, 0, 0, 6, 3.97
1500372602, 241, 22, 28, 0, 0, 2.39%, 0, 0, 6, 3.98
1500372741, 241, 26, 28, 0, 0, 2.39%, 0, 0, 6, 4.03
1500372859, 242, 7, 28, 0, 0, 2.39%, 0, 0, 6, 3.93
1500372910, 242, 11, 28, 0, 0, 2.39%, 0, 0, 6, 3.98
1500372926, 242, 21, 28, 0, 0, 2.39%, 0, 0, 6, 3.97
1500372936, 243, 11, 28, 0, 0, 2.39%, 0, 0, 6, 3.97
1500372951, 243, 14, 28, 0, 0, 2.39%, 0, 0, 6, 4.01
1500373007, 243, 20, 28, 0, 0, 2.39%, 0, 0, 6, 3.96
1500373150, 243, 21, 28, 0, 0, 2.39%, 0, 0, 6, 4.03
1500373160, 244, 10, 28, 0, 0, 2.39%, 0, 0, 6, 3.98
1500373222, 244, 11, 28, 0, 0, 2.39%, 0, 0, 6, 4.00
1500373232, 244, 15, 28, 0, 0, 2.39%, 0, 0, 6, 3.97
1500373283, 244, 19, 28, 0, 0, 2.39%, 0, 0, 6, 3.97
1500373355, 244, 21, 28, 0, 0, 2.39%, 0, 0, 6, 4.02
1500373365, 245, 0, 28, 0, 0, 2.39%, 0, 0, 6, 3.97
1500373416, 245, 11, 28, 0, 0, 2.39%, 0, 0, 6, 3.95
1500373431, 245, 21, 28, 0, 0, 2.39%, 0, 0, 6, 3.96
1500373441, 246, 9, 28, 0, 0, 2.39%, 0, 0, 6, 3.99
1500373503, 246, 11, 28, 0, 0, 2.39%, 0, 0, 6, 3.93
1500373518, 246, 21, 28, 0, 0, 2.39%, 0, 0, 6, 4.03
1500373528, 246, 23, 28, 0, 0, 2.39%, 0, 0, 6, 3.95
1500373579, 247, 11, 28, 0, 0, 2.39%, 0, 0, 6, 3.99
1500373594, 247, 19, 28, 0, 0, 2.39%, 0, 0, 6, 3.91
1500373656, 247, 21, 28, 0, 0, 2.39%, 0, 0, 6, 3.97
1500373671, 247, 23, 28, 0, 0, 2.39%, 0, 0, 6, 4.01
1500373722, 248, 11, 28, 0, 0, 2.39%, 0, 0, 6, 3.98
1500373733, 248, 13, 28, 0, 0, 2.39%, 0, 0, 6, 3.93
1500373799, 248, 21, 28, 0, 0, 2.39%, 0, 0, 6, 3.99
1500373809, 248, 23, 28, 0, 0, 2.39%, 0, 0, 6, 3.86
1500373860, 249, 0, 28, 0, 0, 2.39%, 0, 0, 6, 4.03
1500373922, 249, 10, 28, 0, 0, 2.39%, 0, 0, 6, 3.90
1500373978, 249, 11, 28, 0, 0, 2.39%, 0, 0, 6, 4.09
1500373993, 249, 15, 28, 0, 0, 2.39%, 0, 0, 6, 4.00
1500374055, 249, 21, 28, 0, 0, 2.39%, 0, 0, 6, 3.93
1500374065, 250, 11, 28, 0, 0, 2.39%, 0, 0, 6, 3.95
1500374081, 250, 21, 28, 0, 0, 2.39%, 0, 0, 6, 3.94
1500374091, 250, 23, 28, 0, 0, 2.39%, 0, 0, 6, 3.96
1500374142, 251, 0, 28, 0, 0, 2.39%, 0, 0, 6, 4.02
1500374208, 251, 4, 28, 0, 0, 2.39%, 0, 0, 6, 3.92
1500374270, 251, 11, 28, 0, 0, 2.39%, 0, 0, 6, 4.06
1500374280, 251, 21, 28, 0, 0, 2.39%, 0, 0, 6, 3.94
1500374295, 252, 11, 28, 0, 0, 2.39%, 0, 0, 6, 3.95
1500374310, 252, 21, 28, 0, 0, 2.39%, 0, 0, 6, 4.02
1500374321, 253, 11, 28, 0, 0, 2.39%, 0, 0, 6, 3.96
1500374336, 253, 21, 28, 0, 0, 2.39%, 0, 0, 6, 3.97
1500374346, 254, 0, 28, 0, 0, 2.39%, 0, 0, 6, 4.02
1500374412, 254, 4, 28, 0, 0, 2.39%, 0, 0, 6, 3.98
1500374458, 254, 8, 28, 0, 0, 2.39%, 0, 0, 6, 4.00
1500374525, 254, 11, 28, 0, 0, 2.39%, 0, 0, 6, 4.00
1500374535, 254, 21, 28, 0, 0, 2.39%, 0, 0, 6, 3.95
1500374550, 254, 24, 28, 0, 0, 2.39%, 0, 0, 6, 3.92
1500374667, 255, 11, 28, 0, 0, 2.39%, 0, 0, 6, 3.95
1500374677, 255, 21, 28, 0, 0, 2.39%, 0, 0, 6, 3.94
1500374693, 256, 10, 28, 0, 0, 2.39%, 0, 0, 6, 4.00
1500374718, 256, 10, 29, 1, 0, 2.39%, 0, 0, 6, 4.00
1500374754, 256, 27, 29, 1, 1, 2.39%, 0, 0, 6, 4.02
1500374820, 256, 28, 29, 1, 1, 2.39%, 0, 0, 6, 3.95
1500374846, 257, 28, 29, 0, 0, 2.39%, 0, 0, 6, 4.03
1500374876, 258, 3, 29, 0, 0, 2.39%, 0, 0, 6, 3.98
1500374912, 258, 6, 29, 0, 0, 2.39%, 0, 0, 6, 3.96
1500374964, 258, 8, 29, 0, 0, 2.39%, 0, 0, 6, 3.93
1500375020, 258, 24, 29, 0, 0, 2.39%, 0, 0, 6, 3.91
1500375153, 258, 28, 29, 0, 0, 2.39%, 0, 0, 6, 3.93
1500375178, 259, 28, 29, 0, 0, 2.39%, 0, 0, 6, 3.88
1500375209, 260, 5, 29, 0, 0, 2.39%, 0, 0, 6, 3.93
1500375254, 260, 11, 29, 0, 0, 2.39%, 0, 0, 6, 4.00
1500375270, 260, 26, 29, 0, 0, 2.39%, 0, 0, 6, 3.97
1500375387, 260, 28, 29, 0, 0, 2.39%, 0, 0, 6, 3.98
1500375413, 261, 24, 29, 0, 0, 2.39%, 0, 0, 6, 4.00
1500375551, 261, 28, 29, 0, 0, 2.39%, 0, 0, 6, 3.96
1500375577, 262, 2, 29, 0, 0, 2.39%, 0, 0, 6, 4.02
1500375633, 262, 9, 29, 0, 0, 2.39%, 0, 0, 6, 4.03
1500375684, 262, 28, 29, 0, 0, 2.39%, 0, 0, 6, 4.07
1500375709, 263, 28, 29, 0, 0, 2.39%, 0, 0, 6, 3.97
1500375740, 264, 28, 29, 0, 0, 2.39%, 0, 0, 6, 3.98
1500375765, 265, 10, 29, 0, 0, 2.39%, 0, 0, 6, 3.95
1500375831, 265, 28, 29, 0, 0, 2.39%, 0, 0, 6, 3.95
1500375857, 266, 28, 29, 0, 0, 2.39%, 0, 0, 6, 3.97
1500375882, 267, 9, 29, 0, 0, 2.39%, 0, 0, 6, 3.94
1500375939, 267, 12, 29, 0, 0, 2.39%, 0, 0, 6, 3.89
1500375949, 267, 14, 29, 0, 0, 2.39%, 0, 0, 6, 3.98
1500375995, 267, 28, 29, 0, 0, 2.39%, 0, 0, 6, 3.95
1500376021, 268, 11, 29, 0, 0, 2.39%, 0, 0, 6, 3.97
1500376031, 268, 17, 29, 0, 0, 2.39%, 0, 0, 6, 3.99
1500376097, 268, 28, 29, 0, 0, 2.39%, 0, 0, 6, 3.93
1500376123, 269, 28, 29, 0, 0, 2.39%, 0, 0, 6, 3.81
1500376148, 270, 4, 29, 0, 0, 2.39%, 0, 0, 6, 3.95
1500376205, 270, 11, 29, 0, 0, 2.39%, 0, 0, 6, 3.96
1500376215, 270, 17, 29, 0, 0, 2.39%, 0, 0, 6, 3.99
1500376282, 270, 28, 29, 0, 0, 2.39%, 0, 0, 6, 3.85
1500376307, 271, 10, 29, 0, 0, 2.39%, 0, 0, 6, 4.03
1500376379, 271, 19, 29, 0, 0, 2.39%, 0, 0, 6, 3.97
1500376419, 271, 22, 30, 1, 0, 2.39%, 0, 0, 6, 3.95
1500376603, 271, 28, 30, 1, 0, 2.39%, 0, 0, 6, 4.00
1500376629, 272, 28, 30, 1, 0, 2.39%, 0, 0, 6, 3.91
1500376644, 272, 28, 31, 2, 0, 2.39%, 0, 0, 6, 3.98
1500376680, 272, 30, 31, 2, 1, 2.39%, 0, 0, 6, 3.94
1500376731, 273, 6, 31, 1, 0, 2.39%, 0, 0, 6, 3.97
1500376798, 273, 30, 31, 1, 0, 2.39%, 0, 0, 6, 3.91
1500376849, 274, 2, 31, 1, 0, 2.39%, 0, 0, 6, 4.00
1500376905, 274, 3, 31, 1, 0, 2.39%, 0, 0, 6, 4.01
1500376956, 274, 6, 31, 1, 0, 2.39%, 0, 0, 6, 3.99
1500377007, 274, 30, 31, 1, 0, 2.39%, 0, 0, 6, 3.95
1500377059, 275, 30, 31, 1, 0, 2.39%, 0, 0, 6, 4.00
1500377114, 276, 29, 31, 1, 0, 2.39%, 0, 0, 6, 4.05
1500377243, 276, 30, 31, 0, 0, 2.39%, 0, 0, 6, 3.96
1500377293, 277, 0, 31, 0, 0, 2.39%, 0, 0, 6, 3.93
1500377360, 277, 10, 31, 0, 0, 2.39%, 0, 0, 6, 3.97
1500377410, 277, 30, 31, 0, 0, 2.39%, 0, 0, 6, 4.03
1500377462, 278, 26, 31, 0, 0, 2.39%, 0, 0, 6, 3.97
1500377579, 278, 30, 31, 0, 0, 2.39%, 0, 0, 6, 4.12
1500377630, 279, 1, 31, 0, 0, 2.39%, 0, 0, 6, 3.97
1500377692, 279, 11, 31, 0, 0, 2.39%, 0, 0, 6, 4.01
1500377702, 279, 30, 31, 0, 0, 2.39%, 0, 0, 6, 4.01
1500377753, 280, 12, 31, 0, 0, 2.39%, 0, 0, 6, 3.99
1500377768, 280, 30, 31, 0, 0, 2.39%, 0, 0, 6, 3.89
1500377820, 281, 7, 31, 0, 0, 2.39%, 0, 0, 6, 4.06
1500377871, 281, 29, 31, 0, 0, 2.39%, 0, 0, 6, 3.96
1500378004, 281, 30, 31, 0, 0, 2.39%, 0, 0, 6, 4.02
1500378055, 282, 8, 31, 0, 0, 2.39%, 0, 0, 6, 3.97
1500378116, 282, 30, 31, 0, 0, 2.39%, 0, 0, 6, 3.98
1500378167, 283, 4, 31, 0, 0, 2.39%, 0, 0, 6, 3.98
1500378233, 283, 23, 31, 0, 0, 2.39%, 0, 0, 6, 4.02
1500378284, 283, 29, 31, 0, 0, 2.39%, 0, 0, 6, 3.91
1500378417, 283, 30, 31, 0, 0, 2.39%, 0, 0, 6, 3.99
1500378472, 284, 3, 31, 0, 0, 2.39%, 0, 0, 6, 3.99
1500378528, 284, 30, 31, 0, 0, 2.39%, 0, 0, 6, 4.00
1500378579, 285, 0, 31, 0, 0, 2.39%, 0, 0, 6, 4.01
1500378636, 285, 5, 31, 0, 0, 2.39%, 0, 0, 6, 3.96
1500378692, 285, 6, 31, 0, 0, 2.39%, 0, 0, 6, 3.97
1500378748, 285, 25, 31, 0, 0, 2.39%, 0, 0, 6, 3.99
1500378774, 285, 30, 31, 0, 0, 2.39%, 0, 0, 6, 4.04
1500378825, 286, 14, 31, 0, 0, 2.39%, 0, 0, 6, 3.96
1500378876, 286, 24, 31, 0, 0, 2.39%, 0, 0, 6, 3.94
1500379009, 286, 30, 31, 0, 0, 2.39%, 0, 0, 6, 4.16
1500379060, 287, 0, 31, 0, 0, 2.39%, 0, 0, 6, 3.98
1500379116, 287, 19, 31, 0, 0, 2.39%, 0, 0, 6, 4.03
1500379172, 287, 30, 31, 0, 0, 2.39%, 0, 0, 6, 4.00
1500379223, 288, 0, 31, 0, 0, 2.39%, 0, 0, 6, 3.96
1500379280, 288, 4, 31, 0, 0, 2.39%, 0, 0, 6, 3.99
1500379331, 288, 18, 31, 0, 0, 2.39%, 0, 0, 6, 3.98
1500379376, 288, 25, 31, 0, 0, 2.39%, 0, 0, 6, 4.06
1500379402, 288, 30, 31, 0, 0, 2.39%, 0, 0, 6, 3.96
1500379458, 289, 30, 31, 0, 0, 2.39%, 0, 0, 6, 3.99
1500379509, 290, 9, 31, 0, 0, 2.39%, 0, 0, 6, 3.87
1500379575, 290, 26, 31, 0, 0, 2.39%, 0, 0, 6, 3.99
1500379713, 290, 30, 31, 0, 0, 2.39%, 0, 0, 6, 3.91
1500379765, 291, 20, 31, 0, 0, 2.39%, 0, 0, 6, 3.97
1500379902, 291, 30, 31, 0, 0, 2.39%, 0, 0, 6, 3.96
1500379954, 292, 30, 31, 0, 0, 2.39%, 0, 0, 6, 3.96
1500380005, 293, 5, 31, 0, 0, 2.39%, 0, 0, 6, 3.96
1500380062, 293, 30, 31, 0, 0, 2.39%, 0, 0, 6, 3.93
1500380118, 294, 8, 31, 0, 0, 2.39%, 0, 0, 6, 3.96
1500380185, 294, 13, 31, 0, 0, 2.39%, 0, 0, 6, 3.97
1500380246, 294, 30, 31, 0, 0, 2.39%, 0, 0, 6, 3.94
1500380297, 295, 8, 31, 0, 0, 2.39%, 0, 0, 6, 4.03
1500380359, 295, 18, 31, 0, 0, 2.39%, 0, 0, 6, 3.98
1500380425, 295, 30, 31, 0, 0, 2.39%, 0, 0, 6, 4.09
1500380477, 296, 28, 31, 0, 0, 2.39%, 0, 0, 6, 3.96
1500380502, 296, 29, 31, 0, 0, 2.39%, 0, 0, 6, 3.95
1500380630, 296, 30, 31, 0, 0, 2.39%, 0, 0, 6, 3.93
1500380681, 297, 17, 31, 0, 0, 2.39%, 0, 0, 6, 3.98
1500380753, 297, 22, 31, 0, 0, 2.39%, 0, 0, 6, 3.98
1500380861, 297, 30, 31, 0, 0, 2.39%, 0, 0, 6, 3.98
1500380912, 298, 2, 31, 0, 0, 2.39%, 0, 0, 6, 3.98
1500380969, 298, 20, 31, 0, 0, 2.39%, 0, 0, 6, 3.95
1500381107, 298, 30, 31, 0, 0, 2.39%, 0, 0, 6, 3.86
1500381158, 299, 7, 31, 0, 0, 2.39%, 0, 0, 6, 4.00
1500381205, 299, 12, 31, 0, 0, 2.39%, 0, 0, 6, 3.98
1500381220, 299, 30, 31, 0, 0, 2.39%, 0, 0, 6, 4.04
1500381271, 300, 19, 31, 0, 0, 2.39%, 0, 0, 6, 3.99
1500381332, 300, 26, 31, 0, 0, 2.39%, 0, 0, 6, 3.94
1500381470, 300, 30, 31, 0, 0, 2.39%, 0, 0, 6, 4.02
1500381521, 301, 13, 31, 0, 0, 2.39%, 0, 0, 6, 3.84
1500381592, 301, 30, 31, 0, 0, 2.39%, 0, 0, 6, 3.92
1500381644, 302, 4, 31, 0, 0, 2.39%, 0, 0, 6, 3.96
1500381685, 302, 6, 31, 0, 0, 2.39%, 0, 0, 6, 4.02
1500381746, 302, 28, 31, 0, 0, 2.39%, 0, 0, 6, 4.12
1500381772, 302, 30, 31, 0, 0, 2.39%, 0, 0, 6, 3.94
1500381823, 303, 2, 31, 0, 0, 2.39%, 0, 0, 6, 3.87
1500381885, 303, 5, 31, 0, 0, 2.39%, 0, 0, 6, 4.06
1500381946, 303, 30, 31, 0, 0, 2.39%, 0, 0, 6, 3.97
1500381997, 304, 27, 31, 0, 0, 2.39%, 0, 0, 6, 3.87
1500382075, 304, 30, 31, 0, 0, 2.39%, 0, 0, 6, 3.90
1500382126, 305, 14, 31, 0, 0, 2.39%, 0, 0, 6, 3.93
1500382176, 305, 30, 31, 0, 0, 2.39%, 0, 0, 6, 4.01
1500382232, 306, 1, 31, 0, 0, 2.39%, 0, 0, 6, 3.97
1500382283, 306, 5, 31, 0, 0, 2.39%, 0, 0, 6, 3.97
1500382350, 306, 12, 31, 0, 0, 2.39%, 0, 0, 6, 3.99
1500382360, 306, 30, 31, 0, 0, 2.39%, 0, 0, 6, 3.93
1500382411, 307, 4, 31, 0, 0, 2.39%, 0, 0, 6, 4.02
1500382478, 307, 25, 31, 0, 0, 2.39%, 0, 0, 6, 4.01
1500382503, 307, 30, 31, 0, 0, 2.39%, 0, 0, 6, 3.95
1500382555, 308, 15, 31, 0, 0, 2.39%, 0, 0, 6, 3.99
1500382616, 308, 30, 31, 0, 0, 2.39%, 0, 0, 6, 3.99
1500382667, 309, 15, 31, 0, 0, 2.39%, 0, 0, 6, 3.98
1500382729, 309, 23, 31, 0, 0, 2.39%, 0, 0, 6, 3.97
1500382780, 309, 30, 31, 0, 0, 2.39%, 0, 0, 6, 3.98
1500382831, 310, 7, 31, 0, 0, 2.39%, 0, 0, 6, 4.17
1500382887, 310, 9, 31, 0, 0, 2.39%, 0, 0, 6, 4.00
1500382948, 310, 24, 31, 0, 0, 2.39%, 0, 0, 6, 3.95
1500383081, 310, 30, 31, 0, 0, 2.39%, 0, 0, 6, 4.00
1500383132, 311, 30, 31, 0, 0, 2.39%, 0, 0, 6, 3.96
1500383183, 312, 6, 31, 0, 0, 2.39%, 0, 0, 6, 3.97
1500383234, 312, 30, 31, 0, 0, 2.39%, 0, 0, 6, 3.96
1500383285, 313, 13, 31, 0, 0, 2.39%, 0, 0, 6, 3.97
1500383336, 313, 30, 31, 0, 0, 2.39%, 0, 0, 6, 3.90
1500383387, 314, 29, 31, 0, 0, 2.39%, 0, 0, 6, 4.03
1500383519, 314, 30, 31, 0, 0, 2.39%, 0, 0, 6, 3.98
1500383571, 315, 2, 31, 0, 0, 2.39%, 0, 0, 6, 3.93
1500383633, 315, 12, 31, 0, 0, 2.39%, 0, 0, 6, 3.92
1500383643, 315, 14, 31, 0, 0, 2.39%, 0, 0, 6, 3.91
1500383699, 315, 29, 31, 0, 0, 2.39%, 0, 0, 6, 3.98
1500383821, 315, 30, 31, 0, 0, 2.39%, 0, 0, 6, 3.96
1500383872, 316, 18, 31, 0, 0, 2.39%, 0, 0, 6, 3.94
1500383923, 316, 28, 31, 0, 0, 2.39%, 0, 0, 6, 4.06
1500383948, 316, 30, 31, 0, 0, 2.39%, 0, 0, 6, 3.98
1500384000, 317, 6, 31, 0, 0, 2.39%, 0, 0, 6, 4.00
1500384055, 317, 17, 31, 0, 0, 2.39%, 0, 0, 6, 3.99
1500384117, 317, 30, 31, 0, 0, 2.39%, 0, 0, 6, 3.98
1500384168, 318, 19, 31, 0, 0, 2.39%, 0, 0, 6, 4.00
1500384220, 318, 30, 31, 0, 0, 2.39%, 0, 0, 6, 3.99
1500384271, 319, 26, 31, 0, 0, 2.39%, 0, 0, 6, 4.02
1500384394, 319, 30, 31, 0, 0, 2.39%, 0, 0, 6, 4.00
1500384446, 320, 30, 31, 0, 0, 2.39%, 0, 0, 6, 4.01
1500384497, 321, 30, 31, 0, 0, 2.39%, 0, 0, 6, 3.99
1500384548, 322, 22, 31, 0, 0, 2.39%, 0, 0, 6, 4.02
1500384675, 322, 30, 31, 0, 0, 2.39%, 0, 0, 6, 3.99
1500384731, 323, 4, 31, 0, 0, 2.39%, 0, 0, 6, 3.98
1500384782, 323, 30, 31, 0, 0, 2.39%, 0, 0, 6, 3.93
1500384833, 324, 7, 31, 0, 0, 2.39%, 0, 0, 6, 3.97
1500384879, 324, 8, 31, 0, 0, 2.39%, 0, 0, 6, 3.99
1500384930, 324, 30, 31, 0, 0, 2.39%, 0, 0, 6, 3.98
1500384980, 325, 2, 31, 0, 0, 2.39%, 0, 0, 6, 4.00
1500385042, 325, 30, 31, 0, 0, 2.39%, 0, 0, 6, 3.83
1500385073, 325, 30, 32, 1, 0, 2.39%, 0, 0, 6, 3.99
1500385144, 326, 26, 32, 1, 0, 2.39%, 0, 0, 6, 3.99
1500385278, 326, 30, 32, 1, 0, 2.39%, 0, 0, 6, 4.03
1500385329, 327, 24, 32, 1, 0, 2.39%, 0, 0, 6, 4.08
1500385457, 327, 28, 32, 1, 0, 2.39%, 0, 0, 6, 4.02
1500385482, 327, 29, 32, 1, 0, 2.39%, 0, 0, 6, 3.96
1500385539, 327, 29, 33, 2, 0, 2.39%, 0, 0, 7, 4.02
1500385627, 327, 30, 33, 2, 0, 2.39%, 0, 0, 7, 3.96
1500385677, 328, 4, 33, 2, 0, 2.39%, 0, 0, 7, 3.96
1500385728, 328, 17, 33, 2, 0, 2.39%, 0, 0, 7, 3.99
1500385795, 328, 22, 33, 2, 0, 2.39%, 0, 0, 7, 3.89
1500385932, 328, 30, 33, 2, 0, 2.39%, 0, 0, 7, 3.92
1500385983, 329, 1, 33, 2, 0, 2.39%, 0, 0, 7, 4.01
1500386039, 329, 11, 33, 2, 0, 2.39%, 0, 0, 7, 3.99
1500386055, 329, 30, 33, 2, 0, 2.39%, 0, 0, 7, 4.01
1500386106, 330, 11, 33, 2, 0, 2.39%, 0, 0, 7, 4.04
1500386122, 330, 16, 33, 2, 0, 2.39%, 0, 0, 7, 3.82
1500386183, 330, 30, 33, 2, 0, 2.39%, 0, 0, 7, 3.95
1500386235, 331, 30, 33, 2, 0, 2.39%, 0, 0, 7, 4.01
1500386291, 331, 31, 33, 2, 0, 2.39%, 0, 0, 7, 3.94
1500386440, 332, 11, 33, 1, 0, 2.39%, 0, 0, 7, 3.63
1500386450, 332, 30, 33, 1, 0, 2.39%, 0, 0, 7, 3.79
1500386507, 333, 11, 33, 1, 0, 2.39%, 0, 0, 7, 3.76
1500386517, 333, 22, 33, 1, 0, 2.39%, 0, 0, 7, 3.89
1500386656, 333, 30, 33, 1, 0, 2.39%, 0, 0, 7, 3.70
1500386712, 334, 30, 33, 1, 0, 2.39%, 0, 0, 7, 4.00
1500386763, 334, 32, 33, 1, 0, 2.39%, 0, 0, 7, 3.99
1500386876, 335, 2, 33, 0, 0, 2.39%, 0, 0, 7, 3.96
1500386948, 335, 30, 33, 0, 0, 2.39%, 0, 0, 7, 3.65
1500386959, 335, 30, 34, 1, 0, 2.39%, 0, 0, 7, 3.14
1500387071, 335, 33, 34, 1, 0, 2.39%, 0, 0, 7, 3.99
1500387214, 336, 12, 34, 0, 0, 2.39%, 0, 0, 7, 4.01
1500387229, 336, 30, 34, 0, 0, 2.39%, 0, 0, 7, 3.98
1500387280, 336, 33, 34, 0, 0, 2.39%, 0, 0, 7, 3.94
1500387378, 336, 33, 35, 1, 0, 2.39%, 0, 0, 7, 3.25
1500387440, 337, 30, 35, 1, 0, 2.39%, 0, 0, 7, 3.92
1500387492, 338, 30, 35, 1, 0, 2.39%, 0, 0, 7, 3.93
1500387543, 339, 2, 35, 1, 0, 2.39%, 0, 0, 7, 3.90
1500387610, 339, 29, 35, 1, 0, 2.39%, 0, 0, 7, 3.77
1500387760, 339, 30, 35, 1, 0, 2.39%, 0, 0, 7, 3.53
1500387817, 339, 34, 35, 1, 0, 2.39%, 0, 0, 7, 3.52
1500388068, 340, 9, 35, 0, 0, 2.39%, 0, 0, 7, 3.63
1500388130, 340, 26, 35, 0, 0, 2.39%, 0, 0, 7, 3.91
1500388274, 340, 30, 35, 0, 0, 2.39%, 0, 0, 7, 3.86
1500388284, 340, 32, 35, 0, 0, 2.39%, 0, 0, 7, 3.94
1500388412, 341, 18, 35, 0, 0, 2.39%, 0, 0, 7, 3.95
1500388458, 341, 30, 35, 0, 0, 2.39%, 0, 0, 7, 3.95
1500388473, 342, 17, 35, 0, 0, 2.39%, 0, 0, 7, 3.94
1500388540, 342, 28, 35, 0, 0, 2.39%, 0, 0, 7, 3.83
1500388571, 342, 30, 35, 0, 0, 2.39%, 0, 0, 7, 3.64
1500388581, 343, 30, 35, 0, 0, 2.39%, 0, 0, 7, 3.66
1500388597, 344, 12, 35, 0, 0, 2.39%, 0, 0, 7, 3.94
1500388612, 344, 30, 35, 0, 0, 2.39%, 0, 0, 7, 3.92
1500388622, 345, 7, 35, 0, 0, 2.39%, 0, 0, 7, 3.91
1500388674, 345, 23, 35, 0, 0, 2.39%, 0, 0, 7, 3.89
1500388725, 345, 26, 35, 0, 0, 2.39%, 0, 0, 7, 3.95
1500388864, 345, 30, 35, 0, 0, 2.39%, 0, 0, 7, 4.07
1500388874, 346, 28, 35, 0, 0, 2.39%, 0, 0, 7, 3.87
