# unix_time, cycles_done, cur_path, paths_total, pending_total, pending_favs, map_size, unique_crashes, unique_hangs, max_depth, execs_per_sec
1500345314, 0, 0, 4, 4, 1, 2.38%, 0, 0, 1, 9.17
1500345319, 0, 2, 4, 4, 1, 2.38%, 0, 0, 1, 9.15
1500345350, 0, 2, 5, 5, 1, 2.38%, 0, 0, 2, 8.96
1500345437, 0, 2, 6, 6, 1, 2.38%, 0, 0, 2, 9.18
1500346049, 0, 2, 7, 7, 1, 2.38%, 0, 0, 2, 3.63
1500346376, 0, 2, 8, 8, 1, 2.38%, 0, 0, 2, 3.96
1500346544, 0, 2, 9, 9, 1, 2.39%, 0, 0, 2, 3.92
1500347182, 0, 2, 9, 8, 0, 2.39%, 0, 0, 2, 3.94
1500347202, 0, 4, 9, 8, 1, 2.39%, 0, 0, 2, 3.94
1500347233, 0, 4, 10, 9, 1, 2.39%, 0, 0, 3, 3.90
1500347836, 0, 4, 11, 10, 1, 2.39%, 0, 0, 3, 3.95
1500348392, 0, 4, 12, 11, 1, 2.39%, 0, 0, 3, 4.01
1500348632, 0, 4, 13, 12, 1, 2.39%, 0, 0, 3, 3.95
1500348991, 0, 4, 14, 13, 1, 2.39%, 0, 0, 3, 4.06
1500349103, 0, 4, 15, 14, 1, 2.39%, 0, 0, 3, 4.02
1500349527, 1, 4, 15, 13, 0, 2.39%, 0, 0, 3, 3.93
1500349537, 1, 7, 15, 13, 0, 2.39%, 0, 0, 3, 4.00
1500350680, 1, 7, 16, 14, 0, 2.39%, 0, 0, 3, 4.00
1500350818, 1, 7, 17, 15, 0, 2.39%, 0, 0, 3, 3.87
1500351334, 1, 7, 18, 16, 0, 2.39%, 0, 0, 3, 3.97
1500351870, 1, 7, 19, 17, 0, 2.39%, 0, 0, 3, 3.90
1500352393, 1, 7, 20, 18, 0, 2.39%, 0, 0, 3, 3.94
1500352792, 1, 11, 20, 17, 0, 2.39%, 0, 0, 3, 4.00
1500353845, 1, 11, 21, 18, 0, 2.39%, 0, 0, 4, 3.95
1500354034, 1, 11, 22, 19, 0, 2.39%, 0, 0, 4, 3.97
1500355077, 1, 14, 22, 18, 0, 2.39%, 0, 0, 4, 3.96
1500356275, 1, 14, 23, 19, 0, 2.39%, 0, 0, 4, 4.00
1500357277, 1, 14, 24, 20, 0, 2.39%, 0, 0, 4, 3.99
1500357507, 1, 14, 24, 19, 0, 2.39%, 0, 0, 4, 4.03
1500357523, 1, 22, 24, 19, 0, 2.39%, 0, 0, 4, 3.91
1500360021, 2, 4, 24, 18, 0, 2.39%, 0, 0, 4, 3.93
1500360026, 2, 15, 24, 18, 0, 2.39%, 0, 0, 4, 4.01
1500361018, 2, 15, 25, 19, 0, 2.39%, 0, 0, 4, 3.91
1500361359, 2, 15, 26, 20, 0, 2.39%, 0, 0, 4, 3.95
1500363306, 2, 18, 26, 19, 0, 2.39%, 0, 0, 4, 3.93
1500368368, 2, 18, 27, 20, 0, 2.53%, 0, 0, 4, 3.98
1500369048, 2, 23, 27, 19, 0, 2.53%, 0, 0, 4, 3.95
1500372408, 2, 23, 28, 20, 0, 2.53%, 0, 0, 5, 3.97
1500372940, 2, 23, 29, 21, 0, 2.53%, 0, 0, 5, 3.98
1500373006, 2, 23, 30, 22, 0, 2.53%, 0, 0, 5, 3.93
1500373886, 2, 23, 30, 21, 0, 2.53%, 0, 0, 5, 3.99
1500373896, 2, 25, 30, 21, 0, 2.53%, 0, 0, 5, 4.05
1500375248, 2, 25, 31, 22, 0, 2.53%, 0, 0, 5, 3.92
1500377238, 2, 28, 31, 21, 0, 2.53%, 0, 0, 5, 3.90
1500383018, 2, 30, 31, 20, 0, 2.53%, 0, 0, 5, 3.96
1500384024, 2, 30, 32, 21, 0, 2.53%, 0, 0, 6, 3.98
1500386353, 3, 0, 32, 20, 0, 2.53%, 0, 0, 6, 4.00
1500386835, 3, 0, 33, 21, 0, 2.53%, 0, 0, 6, 3.92
1500387450, 3, 0, 34, 22, 0, 2.53%, 0, 0, 6, 3.84
1500388158, 3, 0, 35, 23, 0, 2.53%, 0, 0, 6, 3.67
