# unix_time, cycles_done, cur_path, paths_total, pending_total, pending_favs, map_size, unique_crashes, unique_hangs, max_depth, execs_per_sec
1500345876, 0, 0, 4, 4, 1, 2.38%, 0, 0, 1, 5.18
1500345881, 0, 3, 5, 5, 1, 2.38%, 0, 0, 2, 5.22
1500345928, 0, 3, 6, 6, 1, 2.38%, 0, 0, 2, 4.80
1500345943, 0, 3, 6, 5, 0, 2.38%, 0, 0, 2, 4.71
1500345948, 0, 5, 6, 5, 1, 2.38%, 0, 0, 2, 4.53
1500346015, 1, 0, 6, 4, 0, 2.38%, 0, 0, 2, 3.91
1500346046, 1, 0, 7, 5, 0, 2.39%, 0, 0, 2, 3.61
1500346067, 1, 0, 8, 6, 0, 2.39%, 0, 0, 2, 3.79
1500346113, 1, 6, 8, 5, 1, 2.39%, 0, 0, 2, 3.78
1500346128, 1, 7, 8, 4, 0, 2.39%, 0, 0, 2, 3.61
1500346195, 2, 0, 8, 3, 0, 2.39%, 0, 0, 2, 3.97
1500346272, 2, 1, 8, 3, 0, 2.39%, 0, 0, 2, 3.97
1500346339, 2, 2, 8, 2, 0, 2.39%, 0, 0, 2, 4.04
1500346405, 2, 3, 8, 1, 0, 2.39%, 0, 0, 2, 4.01
1500346471, 2, 4, 8, 1, 0, 2.39%, 0, 0, 2, 3.98
1500346497, 2, 4, 9, 2, 0, 2.39%, 0, 0, 3, 3.93
1500346558, 2, 5, 9, 1, 0, 2.39%, 0, 0, 3, 3.96
1500346624, 2, 6, 9, 1, 0, 2.39%, 0, 0, 3, 3.93
1500346634, 2, 7, 9, 1, 0, 2.39%, 0, 0, 3, 3.96
1500346654, 2, 7, 10, 2, 0, 2.39%, 0, 0, 3, 4.06
1500346705, 2, 8, 10, 2, 0, 2.39%, 0, 0, 3, 3.99
1500346771, 2, 8, 11, 3, 0, 2.39%, 0, 0, 4, 3.95
1500346792, 3, 5, 11, 2, 0, 2.39%, 0, 0, 4, 3.95
1500346858, 3, 6, 11, 2, 0, 2.39%, 0, 0, 4, 3.95
1500346868, 3, 7, 11, 2, 0, 2.39%, 0, 0, 4, 3.99
1500346935, 4, 6, 11, 2, 0, 2.39%, 0, 0, 4, 3.96
1500346940, 4, 10, 11, 2, 0, 2.39%, 0, 0, 4, 3.91
1500347155, 5, 6, 11, 1, 0, 2.39%, 0, 0, 4, 4.02
1500347161, 5, 9, 11, 1, 0, 2.39%, 0, 0, 4, 4.06
1500347237, 6, 6, 11, 0, 0, 2.39%, 0, 0, 4, 3.89
1500347242, 7, 6, 11, 0, 0, 2.39%, 0, 0, 4, 3.98
1500347247, 8, 6, 11, 0, 0, 2.39%, 0, 0, 4, 3.96
1500347257, 9, 6, 11, 0, 0, 2.39%, 0, 0, 4, 3.91
1500347262, 10, 6, 11, 0, 0, 2.39%, 0, 0, 4, 3.91
1500347268, 11, 6, 11, 0, 0, 2.39%, 0, 0, 4, 3.95
1500347273, 12, 6, 11, 0, 0, 2.39%, 0, 0, 4, 3.85
1500347283, 13, 6, 11, 0, 0, 2.39%, 0, 0, 4, 4.01
1500347288, 14, 6, 11, 0, 0, 2.39%, 0, 0, 4, 3.94
1500347293, 14, 8, 11, 0, 0, 2.39%, 0, 0, 4, 4.00
1500347370, 14, 9, 11, 0, 0, 2.39%, 0, 0, 4, 4.00
1500347405, 14, 9, 12, 1, 0, 2.39%, 0, 0, 4, 4.09
1500347447, 15, 6, 12, 1, 0, 2.39%, 0, 0, 4, 3.97
1500347457, 15, 11, 12, 1, 0, 2.39%, 0, 0, 4, 3.97
1500347600, 16, 2, 12, 0, 0, 2.39%, 0, 0, 4, 3.90
1500347662, 16, 2, 13, 1, 0, 2.39%, 0, 0, 4, 4.05
1500347672, 16, 6, 13, 1, 0, 2.39%, 0, 0, 4, 3.98
1500347683, 16, 12, 13, 1, 0, 2.39%, 0, 0, 4, 4.04
1500347770, 17, 6, 13, 0, 0, 2.39%, 0, 0, 4, 3.91
1500347775, 18, 6, 13, 0, 0, 2.39%, 0, 0, 4, 3.91
1500347780, 19, 4, 13, 0, 0, 2.39%, 0, 0, 4, 4.16
1500347846, 19, 5, 13, 0, 0, 2.39%, 0, 0, 4, 3.96
1500347918, 19, 6, 13, 0, 0, 2.39%, 0, 0, 4, 4.02
1500347923, 19, 8, 13, 0, 0, 2.39%, 0, 0, 4, 3.97
1500347989, 20, 2, 13, 0, 0, 2.39%, 0, 0, 4, 3.95
1500348056, 20, 6, 13, 0, 0, 2.39%, 0, 0, 4, 3.95
1500348066, 20, 10, 13, 0, 0, 2.39%, 0, 0, 4, 3.91
1500348153, 21, 6, 13, 0, 0, 2.39%, 0, 0, 4, 3.93
1500348158, 21, 7, 13, 0, 0, 2.39%, 0, 0, 4, 3.95
1500348225, 22, 6, 13, 0, 0, 2.39%, 0, 0, 4, 4.00
1500348230, 22, 9, 13, 0, 0, 2.39%, 0, 0, 4, 4.01
1500348297, 23, 6, 13, 0, 0, 2.39%, 0, 0, 4, 3.99
1500348307, 24, 4, 13, 0, 0, 2.39%, 0, 0, 4, 3.99
1500348373, 24, 6, 13, 0, 0, 2.39%, 0, 0, 4, 3.92
1500348379, 25, 6, 13, 0, 0, 2.39%, 0, 0, 4, 3.97
1500348384, 26, 6, 13, 0, 0, 2.39%, 0, 0, 4, 3.95
1500348394, 26, 11, 13, 0, 0, 2.39%, 0, 0, 4, 3.96
1500348516, 26, 11, 14, 1, 0, 2.39%, 0, 0, 5, 3.96
1500348546, 27, 2, 14, 1, 0, 2.39%, 0, 0, 5, 3.96
1500348613, 27, 6, 14, 1, 0, 2.39%, 0, 0, 5, 3.92
1500348623, 27, 12, 14, 1, 0, 2.39%, 0, 0, 5, 3.99
1500348710, 28, 2, 14, 1, 0, 2.39%, 0, 0, 5, 3.88
1500348776, 28, 6, 14, 1, 0, 2.39%, 0, 0, 5, 3.98
1500348781, 28, 11, 14, 1, 0, 2.39%, 0, 0, 5, 3.98
1500348863, 28, 11, 15, 2, 0, 2.39%, 0, 0, 5, 3.78
1500348945, 29, 6, 15, 2, 0, 2.39%, 0, 0, 5, 4.00
1500348955, 30, 6, 15, 2, 0, 2.39%, 0, 0, 5, 3.98
1500348961, 31, 6, 15, 2, 0, 2.39%, 0, 0, 5, 3.88
1500348966, 31, 11, 15, 2, 0, 2.39%, 0, 0, 5, 3.89
1500349053, 31, 13, 15, 2, 0, 2.39%, 0, 0, 5, 3.98
1500349104, 31, 13, 16, 3, 0, 2.39%, 0, 0, 6, 3.98
1500349297, 32, 4, 16, 2, 0, 2.39%, 0, 0, 6, 4.04
1500349364, 32, 6, 16, 2, 0, 2.39%, 0, 0, 6, 3.96
1500349369, 33, 0, 16, 2, 0, 2.39%, 0, 0, 6, 3.97
1500349435, 33, 6, 16, 2, 0, 2.39%, 0, 0, 6, 3.86
1500349445, 33, 11, 16, 2, 0, 2.39%, 0, 0, 6, 3.99
1500349532, 33, 14, 16, 2, 0, 2.39%, 0, 0, 6, 4.01
1500349762, 33, 15, 16, 1, 0, 2.39%, 0, 0, 6, 3.97
1500349931, 34, 6, 16, 0, 0, 2.39%, 0, 0, 6, 4.00
1500349936, 34, 8, 16, 0, 0, 2.39%, 0, 0, 6, 4.04
1500350002, 35, 4, 16, 0, 0, 2.39%, 0, 0, 6, 4.06
1500350069, 35, 6, 16, 0, 0, 2.39%, 0, 0, 6, 3.90
1500350074, 35, 9, 16, 0, 0, 2.39%, 0, 0, 6, 3.95
1500350146, 35, 15, 16, 0, 0, 2.39%, 0, 0, 6, 4.01
1500350288, 36, 6, 16, 0, 0, 2.39%, 0, 0, 6, 3.96
1500350299, 37, 6, 16, 0, 0, 2.39%, 0, 0, 6, 4.00
1500350304, 37, 12, 16, 0, 0, 2.39%, 0, 0, 6, 3.94
1500350329, 37, 12, 17, 1, 0, 2.39%, 0, 0, 6, 4.01
1500350416, 37, 16, 17, 1, 1, 2.39%, 0, 0, 6, 4.11
1500350442, 38, 2, 17, 0, 0, 2.39%, 0, 0, 6, 4.00
1500350508, 38, 16, 17, 0, 0, 2.39%, 0, 0, 6, 3.98
1500350524, 38, 16, 18, 1, 0, 2.39%, 0, 0, 6, 3.98
1500350565, 39, 13, 18, 1, 0, 2.39%, 0, 0, 6, 4.02
1500350713, 39, 16, 18, 1, 0, 2.39%, 0, 0, 6, 3.94
1500350738, 40, 5, 18, 1, 0, 2.39%, 0, 0, 6, 4.04
1500350805, 40, 13, 18, 1, 0, 2.39%, 0, 0, 6, 3.96
1500350948, 40, 16, 18, 1, 0, 2.39%, 0, 0, 6, 3.95
1500350979, 41, 16, 18, 1, 0, 2.39%, 0, 0, 6, 3.96
1500351005, 42, 16, 18, 1, 0, 2.39%, 0, 0, 6, 3.97
1500351030, 43, 16, 18, 1, 0, 2.39%, 0, 0, 6, 3.99
1500351055, 44, 0, 18, 1, 0, 2.39%, 0, 0, 6, 3.95
1500351122, 44, 16, 18, 1, 0, 2.39%, 0, 0, 6, 3.91
1500351148, 44, 17, 18, 1, 0, 2.39%, 0, 0, 6, 3.89
1500351291, 45, 7, 18, 0, 0, 2.39%, 0, 0, 6, 3.95
1500351357, 45, 11, 18, 0, 0, 2.39%, 0, 0, 6, 4.00
1500351429, 45, 16, 18, 0, 0, 2.39%, 0, 0, 6, 3.94
1500351454, 46, 3, 18, 0, 0, 2.39%, 0, 0, 6, 3.95
1500351527, 46, 16, 18, 0, 0, 2.39%, 0, 0, 6, 3.95
1500351537, 47, 16, 18, 0, 0, 2.39%, 0, 0, 6, 3.97
1500351542, 48, 16, 18, 0, 0, 2.39%, 0, 0, 6, 3.96
1500351552, 49, 13, 18, 0, 0, 2.39%, 0, 0, 6, 3.94
1500351700, 49, 16, 18, 0, 0, 2.39%, 0, 0, 6, 3.89
1500351705, 50, 16, 18, 0, 0, 2.39%, 0, 0, 6, 3.99
1500351711, 51, 16, 18, 0, 0, 2.39%, 0, 0, 6, 3.99
1500351716, 52, 1, 18, 0, 0, 2.39%, 0, 0, 6, 3.98
1500351782, 52, 11, 18, 0, 0, 2.39%, 0, 0, 6, 3.99
1500351858, 52, 16, 18, 0, 0, 2.39%, 0, 0, 6, 3.95
1500351863, 53, 16, 18, 0, 0, 2.39%, 0, 0, 6, 3.92
1500351868, 54, 6, 18, 0, 0, 2.39%, 0, 0, 6, 3.94
1500351879, 54, 16, 18, 0, 0, 2.39%, 0, 0, 6, 3.98
1500351884, 55, 7, 18, 0, 0, 2.39%, 0, 0, 6, 3.99
1500351950, 55, 8, 18, 0, 0, 2.39%, 0, 0, 6, 3.99
1500352016, 55, 16, 18, 0, 0, 2.39%, 0, 0, 6, 4.05
1500352021, 56, 11, 18, 0, 0, 2.39%, 0, 0, 6, 3.97
1500352098, 56, 16, 18, 0, 0, 2.39%, 0, 0, 6, 4.00
1500352103, 57, 0, 18, 0, 0, 2.39%, 0, 0, 6, 4.04
1500352169, 57, 14, 18, 0, 0, 2.39%, 0, 0, 6, 3.99
1500352318, 57, 16, 18, 0, 0, 2.39%, 0, 0, 6, 4.01
1500352323, 58, 16, 18, 0, 0, 2.39%, 0, 0, 6, 3.97
1500352328, 59, 16, 18, 0, 0, 2.39%, 0, 0, 6, 3.97
1500352333, 60, 16, 18, 0, 0, 2.39%, 0, 0, 6, 3.91
1500352343, 61, 16, 18, 0, 0, 2.39%, 0, 0, 6, 4.04
1500352348, 62, 16, 18, 0, 0, 2.39%, 0, 0, 6, 4.10
1500352353, 63, 16, 18, 0, 0, 2.39%, 0, 0, 6, 3.97
1500352358, 63, 17, 18, 0, 0, 2.39%, 0, 0, 6, 3.87
1500352507, 64, 16, 18, 0, 0, 2.39%, 0, 0, 6, 3.95
1500352512, 65, 7, 18, 0, 0, 2.39%, 0, 0, 6, 3.97
1500352583, 65, 11, 18, 0, 0, 2.39%, 0, 0, 6, 3.93
1500352655, 65, 13, 18, 0, 0, 2.39%, 0, 0, 6, 3.99
1500352793, 65, 13, 19, 1, 0, 2.39%, 0, 0, 6, 3.97
1500352808, 65, 18, 19, 1, 1, 2.39%, 0, 0, 6, 3.91
1500352860, 66, 18, 19, 0, 0, 2.39%, 0, 0, 6, 4.02
1500352911, 67, 5, 19, 0, 0, 2.39%, 0, 0, 6, 3.94
1500352967, 67, 18, 19, 0, 0, 2.39%, 0, 0, 6, 4.01
1500353018, 68, 18, 19, 0, 0, 2.39%, 0, 0, 6, 3.98
1500353069, 69, 4, 19, 0, 0, 2.39%, 0, 0, 6, 3.98
1500353135, 69, 18, 19, 0, 0, 2.39%, 0, 0, 6, 4.00
1500353186, 70, 18, 19, 0, 0, 2.39%, 0, 0, 6, 3.96
1500353238, 71, 12, 19, 0, 0, 2.39%, 0, 0, 6, 3.93
1500353314, 71, 14, 19, 0, 0, 2.39%, 0, 0, 6, 3.86
1500353457, 71, 18, 19, 0, 0, 2.39%, 0, 0, 6, 3.95
1500353503, 71, 18, 20, 1, 0, 2.39%, 0, 0, 7, 3.96
1500353564, 71, 19, 20, 1, 0, 2.39%, 0, 0, 7, 3.95
1500353616, 72, 18, 20, 0, 0, 2.39%, 0, 0, 7, 3.96
1500353667, 73, 14, 20, 0, 0, 2.39%, 0, 0, 7, 4.03
1500353805, 73, 18, 20, 0, 0, 2.39%, 0, 0, 7, 3.98
1500353862, 74, 5, 20, 0, 0, 2.39%, 0, 0, 7, 4.07
1500353918, 74, 6, 20, 0, 0, 2.39%, 0, 0, 7, 4.00
1500353923, 74, 8, 20, 0, 0, 2.39%, 0, 0, 7, 3.87
1500353979, 74, 18, 20, 0, 0, 2.39%, 0, 0, 7, 4.00
1500354030, 75, 16, 20, 0, 0, 2.39%, 0, 0, 7, 3.95
1500354040, 75, 18, 20, 0, 0, 2.39%, 0, 0, 7, 4.16
1500354091, 76, 1, 20, 0, 0, 2.39%, 0, 0, 7, 3.96
1500354157, 76, 11, 20, 0, 0, 2.39%, 0, 0, 7, 3.97
1500354224, 76, 12, 20, 0, 0, 2.39%, 0, 0, 7, 3.82
1500354285, 76, 18, 20, 0, 0, 2.39%, 0, 0, 7, 3.87
1500354336, 76, 19, 20, 0, 0, 2.39%, 0, 0, 7, 3.99
1500354387, 77, 12, 20, 0, 0, 2.39%, 0, 0, 7, 4.00
1500354454, 77, 18, 20, 0, 0, 2.39%, 0, 0, 7, 3.93
1500354505, 78, 10, 20, 0, 0, 2.39%, 0, 0, 7, 4.00
1500354577, 78, 14, 20, 0, 0, 2.39%, 0, 0, 7, 4.03
1500354710, 78, 17, 20, 0, 0, 2.39%, 0, 0, 7, 3.94
1500354832, 78, 18, 20, 0, 0, 2.39%, 0, 0, 7, 3.98
1500354884, 79, 18, 20, 0, 0, 2.39%, 0, 0, 7, 3.99
1500354935, 80, 18, 20, 0, 0, 2.39%, 0, 0, 7, 4.04
1500354986, 81, 8, 20, 0, 0, 2.39%, 0, 0, 7, 4.00
1500355052, 81, 18, 20, 0, 0, 2.39%, 0, 0, 7, 3.98
1500355083, 82, 18, 20, 0, 0, 2.39%, 0, 0, 7, 4.03
1500355093, 83, 3, 20, 0, 0, 2.39%, 0, 0, 7, 3.80
1500355159, 83, 14, 20, 0, 0, 2.39%, 0, 0, 7, 3.89
1500355226, 83, 14, 21, 1, 0, 2.39%, 0, 0, 7, 3.91
1500355318, 83, 18, 21, 1, 0, 2.39%, 0, 0, 7, 4.00
1500355328, 83, 19, 21, 1, 0, 2.39%, 0, 0, 7, 3.95
1500355379, 84, 18, 21, 1, 0, 2.39%, 0, 0, 7, 3.98
1500355395, 84, 20, 21, 1, 0, 2.39%, 0, 0, 7, 3.98
1500355594, 85, 18, 21, 0, 0, 2.39%, 0, 0, 7, 3.97
1500355609, 86, 18, 21, 0, 0, 2.39%, 0, 0, 7, 3.92
1500355625, 87, 6, 21, 0, 0, 2.39%, 0, 0, 7, 3.98
1500355630, 87, 13, 21, 0, 0, 2.39%, 0, 0, 7, 3.97
1500355777, 87, 18, 21, 0, 0, 2.39%, 0, 0, 7, 4.00
1500355787, 88, 18, 21, 0, 0, 2.39%, 0, 0, 7, 3.92
1500355803, 89, 14, 21, 0, 0, 2.39%, 0, 0, 7, 4.00
1500355946, 89, 15, 21, 0, 0, 2.39%, 0, 0, 7, 4.02
1500356094, 89, 15, 22, 1, 0, 2.39%, 0, 0, 7, 3.97
1500356104, 89, 18, 22, 1, 0, 2.39%, 0, 0, 7, 4.04
1500356114, 89, 21, 22, 1, 0, 2.39%, 0, 0, 7, 3.99
1500356737, 89, 21, 22, 0, 0, 2.39%, 0, 0, 7, 3.90
1500356742, 90, 2, 22, 0, 0, 2.39%, 0, 0, 7, 4.01
1500356809, 90, 16, 22, 0, 0, 2.39%, 0, 0, 7, 3.95
1500356814, 90, 18, 22, 0, 0, 2.39%, 0, 0, 7, 3.96
1500356824, 91, 18, 22, 0, 0, 2.39%, 0, 0, 7, 3.97
1500356840, 92, 18, 22, 0, 0, 2.39%, 0, 0, 7, 3.91
1500356855, 93, 0, 22, 0, 0, 2.39%, 0, 0, 7, 4.00
1500356922, 93, 3, 22, 0, 0, 2.39%, 0, 0, 7, 3.86
1500356988, 93, 6, 22, 0, 0, 2.39%, 0, 0, 7, 3.99
1500356993, 93, 10, 22, 0, 0, 2.39%, 0, 0, 7, 3.96
1500357070, 93, 18, 22, 0, 0, 2.39%, 0, 0, 7, 3.89
1500357080, 94, 18, 22, 0, 0, 2.39%, 0, 0, 7, 3.96
1500357095, 95, 18, 22, 0, 0, 2.39%, 0, 0, 7, 3.98
1500357106, 96, 1, 22, 0, 0, 2.39%, 0, 0, 7, 3.95
1500357177, 96, 18, 22, 0, 0, 2.39%, 0, 0, 7, 3.99
1500357187, 97, 18, 22, 0, 0, 2.39%, 0, 0, 7, 3.98
1500357202, 97, 21, 22, 0, 0, 2.39%, 0, 0, 7, 3.96
1500357346, 98, 0, 22, 0, 0, 2.39%, 0, 0, 7, 4.01
1500357414, 98, 18, 22, 0, 0, 2.39%, 0, 0, 7, 3.97
1500357419, 98, 18, 23, 1, 0, 2.39%, 0, 0, 7, 4.06
1500357444, 99, 12, 23, 1, 0, 2.39%, 0, 0, 7, 3.96
1500357511, 99, 18, 23, 1, 0, 2.39%, 0, 0, 7, 4.02
1500357521, 100, 11, 23, 1, 0, 2.39%, 0, 0, 7, 3.94
1500357598, 100, 18, 23, 1, 0, 2.39%, 0, 0, 7, 3.98
1500357609, 100, 22, 23, 1, 0, 2.39%, 0, 0, 7, 3.86
1500357756, 101, 18, 23, 0, 0, 2.39%, 0, 0, 7, 3.86
1500357772, 101, 22, 23, 0, 0, 2.39%, 0, 0, 7, 3.94
1500357910, 101, 22, 24, 1, 0, 2.39%, 0, 0, 8, 3.93
1500357925, 102, 14, 24, 1, 0, 2.39%, 0, 0, 8, 4.00
1500357997, 102, 18, 24, 1, 0, 2.39%, 0, 0, 8, 4.03
1500358013, 103, 18, 24, 1, 0, 2.39%, 0, 0, 8, 4.05
1500358023, 104, 4, 24, 1, 0, 2.39%, 0, 0, 8, 3.97
1500358090, 104, 18, 24, 1, 0, 2.39%, 0, 0, 8, 3.92
1500358105, 105, 11, 24, 1, 0, 2.39%, 0, 0, 8, 3.89
1500358177, 105, 18, 24, 1, 0, 2.39%, 0, 0, 8, 3.95
1500358192, 105, 23, 24, 1, 0, 2.39%, 0, 0, 8, 3.91
1500358550, 106, 18, 24, 0, 0, 2.39%, 0, 0, 8, 3.92
1500358566, 107, 4, 24, 0, 0, 2.39%, 0, 0, 8, 3.97
1500358632, 107, 18, 24, 0, 0, 2.39%, 0, 0, 8, 3.94
1500358647, 108, 13, 24, 0, 0, 2.39%, 0, 0, 8, 4.05
1500358729, 108, 18, 24, 0, 0, 2.39%, 0, 0, 8, 4.05
1500358744, 109, 1, 24, 0, 0, 2.39%, 0, 0, 8, 3.97
1500358811, 109, 11, 24, 0, 0, 2.39%, 0, 0, 8, 3.93
1500358882, 109, 14, 24, 0, 0, 2.39%, 0, 0, 8, 3.98
1500358959, 109, 18, 24, 0, 0, 2.39%, 0, 0, 8, 3.86
1500358969, 109, 23, 24, 0, 0, 2.39%, 0, 0, 8, 3.99
1500359194, 110, 18, 24, 0, 0, 2.39%, 0, 0, 8, 3.94
1500359204, 111, 2, 24, 0, 0, 2.39%, 0, 0, 8, 3.90
1500359275, 111, 16, 24, 0, 0, 2.39%, 0, 0, 8, 3.96
1500359281, 111, 18, 24, 0, 0, 2.39%, 0, 0, 8, 3.95
1500359296, 112, 18, 24, 0, 0, 2.39%, 0, 0, 8, 3.99
1500359306, 113, 18, 24, 0, 0, 2.39%, 0, 0, 8, 3.95
1500359322, 114, 18, 24, 0, 0, 2.39%, 0, 0, 8, 3.94
1500359332, 115, 2, 24, 0, 0, 2.39%, 0, 0, 8, 3.91
1500359398, 115, 16, 24, 0, 0, 2.39%, 0, 0, 8, 4.00
1500359408, 115, 18, 24, 0, 0, 2.39%, 0, 0, 8, 3.94
1500359419, 116, 2, 24, 0, 0, 2.39%, 0, 0, 8, 4.04
1500359485, 116, 11, 24, 0, 0, 2.39%, 0, 0, 8, 3.98
1500359562, 116, 18, 24, 0, 0, 2.39%, 0, 0, 8, 3.94
1500359572, 117, 7, 24, 0, 0, 2.39%, 0, 0, 8, 3.98
1500359643, 117, 10, 24, 0, 0, 2.39%, 0, 0, 8, 3.98
1500359714, 117, 18, 24, 0, 0, 2.39%, 0, 0, 8, 3.99
1500359729, 118, 18, 24, 0, 0, 2.39%, 0, 0, 8, 3.98
1500359740, 118, 21, 24, 0, 0, 2.39%, 0, 0, 8, 3.92
1500359887, 118, 23, 24, 0, 0, 2.39%, 0, 0, 8, 3.91
1500360107, 119, 18, 24, 0, 0, 2.39%, 0, 0, 8, 4.08
1500360122, 120, 1, 24, 0, 0, 2.39%, 0, 0, 8, 3.99
1500360188, 120, 3, 24, 0, 0, 2.39%, 0, 0, 8, 3.94
1500360255, 120, 7, 24, 0, 0, 2.39%, 0, 0, 8, 4.00
1500360321, 120, 18, 24, 0, 0, 2.39%, 0, 0, 8, 3.94
1500360336, 121, 18, 24, 0, 0, 2.39%, 0, 0, 8, 4.01
1500360347, 122, 15, 24, 0, 0, 2.39%, 0, 0, 8, 3.96
1500360495, 122, 18, 24, 0, 0, 2.39%, 0, 0, 8, 3.96
1500360510, 123, 4, 24, 0, 0, 2.39%, 0, 0, 8, 3.93
1500360577, 123, 18, 24, 0, 0, 2.39%, 0, 0, 8, 4.02
1500360587, 123, 20, 24, 0, 0, 2.39%, 0, 0, 8, 3.97
1500360736, 124, 17, 24, 0, 0, 2.39%, 0, 0, 8, 3.89
1500360885, 124, 18, 24, 0, 0, 2.39%, 0, 0, 8, 4.00
1500360900, 124, 22, 24, 0, 0, 2.39%, 0, 0, 8, 3.92
1500361049, 125, 9, 24, 0, 0, 2.39%, 0, 0, 8, 3.98
1500361115, 125, 18, 24, 0, 0, 2.39%, 0, 0, 8, 3.95
1500361126, 126, 18, 24, 0, 0, 2.39%, 0, 0, 8, 3.99
1500361141, 127, 18, 24, 0, 0, 2.39%, 0, 0, 8, 4.00
1500361151, 128, 18, 24, 0, 0, 2.39%, 0, 0, 8, 3.97
1500361166, 129, 10, 24, 0, 0, 2.39%, 0, 0, 8, 3.98
1500361237, 129, 18, 24, 0, 0, 2.39%, 0, 0, 8, 3.97
1500361252, 129, 20, 24, 0, 0, 2.39%, 0, 0, 8, 3.96
1500361400, 130, 3, 24, 0, 0, 2.39%, 0, 0, 8, 3.99
1500361466, 130, 6, 24, 0, 0, 2.39%, 0, 0, 8, 4.00
1500361471, 130, 18, 24, 0, 0, 2.39%, 0, 0, 8, 3.93
1500361486, 131, 2, 24, 0, 0, 2.39%, 0, 0, 8, 4.03
1500361553, 131, 18, 24, 0, 0, 2.39%, 0, 0, 8, 4.02
1500361563, 132, 18, 24, 0, 0, 2.39%, 0, 0, 8, 4.00
1500361578, 133, 18, 24, 0, 0, 2.39%, 0, 0, 8, 4.03
1500361589, 134, 5, 24, 0, 0, 2.39%, 0, 0, 8, 4.04
1500361660, 134, 14, 24, 0, 0, 2.39%, 0, 0, 8, 3.96
1500361731, 134, 16, 24, 0, 0, 2.39%, 0, 0, 8, 3.96
1500361736, 134, 18, 24, 0, 0, 2.39%, 0, 0, 8, 3.91
1500361752, 135, 18, 24, 0, 0, 2.39%, 0, 0, 8, 3.98
1500361762, 136, 10, 24, 0, 0, 2.39%, 0, 0, 8, 4.00
1500361838, 136, 18, 24, 0, 0, 2.39%, 0, 0, 8, 3.98
1500361848, 137, 18, 24, 0, 0, 2.39%, 0, 0, 8, 3.92
1500361863, 138, 18, 24, 0, 0, 2.39%, 0, 0, 8, 3.97
1500361873, 138, 20, 24, 0, 0, 2.39%, 0, 0, 8, 4.00
1500362022, 139, 7, 24, 0, 0, 2.39%, 0, 0, 8, 3.93
1500362088, 139, 18, 24, 0, 0, 2.39%, 0, 0, 8, 3.99
1500362103, 140, 10, 24, 0, 0, 2.39%, 0, 0, 8, 4.02
1500362175, 140, 18, 24, 0, 0, 2.39%, 0, 0, 8, 3.98
1500362190, 141, 1, 24, 0, 0, 2.39%, 0, 0, 8, 4.03
1500362257, 141, 18, 24, 0, 0, 2.39%, 0, 0, 8, 4.04
1500362267, 142, 11, 24, 0, 0, 2.39%, 0, 0, 8, 3.98
1500362343, 142, 18, 24, 0, 0, 2.39%, 0, 0, 8, 3.99
1500362354, 143, 18, 24, 0, 0, 2.39%, 0, 0, 8, 4.08
1500362369, 144, 8, 24, 0, 0, 2.39%, 0, 0, 8, 4.08
1500362435, 144, 18, 24, 0, 0, 2.39%, 0, 0, 8, 4.02
1500362450, 145, 13, 24, 0, 0, 2.39%, 0, 0, 8, 4.02
1500362533, 145, 18, 24, 0, 0, 2.39%, 0, 0, 8, 3.91
1500362548, 146, 18, 24, 0, 0, 2.39%, 0, 0, 8, 4.05
1500362558, 147, 1, 24, 0, 0, 2.39%, 0, 0, 8, 3.95
1500362625, 147, 15, 24, 0, 0, 2.39%, 0, 0, 8, 3.93
1500362696, 147, 15, 25, 1, 0, 2.39%, 0, 0, 8, 3.99
1500362788, 147, 18, 25, 1, 0, 2.39%, 0, 0, 8, 4.00
1500362803, 148, 0, 25, 1, 0, 2.39%, 0, 0, 8, 3.97
1500362870, 148, 18, 25, 1, 0, 2.39%, 0, 0, 8, 4.03
1500362880, 148, 21, 25, 1, 0, 2.39%, 0, 0, 8, 3.98
1500363029, 148, 24, 25, 1, 0, 2.39%, 0, 0, 8, 3.91
1500363034, 148, 24, 26, 2, 0, 2.39%, 0, 0, 8, 3.97
1500363229, 149, 2, 26, 1, 0, 2.39%, 0, 0, 8, 3.93
1500363295, 149, 18, 26, 1, 0, 2.39%, 0, 0, 8, 4.12
1500363311, 149, 25, 26, 1, 0, 2.39%, 0, 0, 8, 3.92
1500363535, 150, 18, 26, 0, 0, 2.39%, 0, 0, 8, 3.98
1500363545, 150, 22, 26, 0, 0, 2.39%, 0, 0, 8, 4.03
1500363693, 151, 12, 26, 0, 0, 2.39%, 0, 0, 8, 4.02
1500363759, 151, 18, 26, 0, 0, 2.39%, 0, 0, 8, 4.03
1500363770, 152, 17, 26, 0, 0, 2.39%, 0, 0, 8, 4.03
1500363918, 152, 18, 26, 0, 0, 2.39%, 0, 0, 8, 4.02
1500363934, 152, 25, 26, 0, 0, 2.39%, 0, 0, 8, 4.02
1500364153, 153, 18, 26, 0, 0, 2.39%, 0, 0, 8, 3.91
1500364169, 153, 21, 26, 0, 0, 2.39%, 0, 0, 8, 3.92
1500364312, 153, 25, 26, 0, 0, 2.39%, 0, 0, 8, 3.97
1500364537, 154, 5, 26, 0, 0, 2.39%, 0, 0, 8, 3.96
1500364604, 154, 8, 26, 0, 0, 2.39%, 0, 0, 8, 3.86
1500364670, 154, 15, 26, 0, 0, 2.39%, 0, 0, 8, 4.05
1500364818, 154, 18, 26, 0, 0, 2.39%, 0, 0, 8, 4.00
1500364828, 155, 11, 26, 0, 0, 2.39%, 0, 0, 8, 4.01
1500364905, 155, 18, 26, 0, 0, 2.39%, 0, 0, 8, 3.94
1500364915, 155, 25, 26, 0, 0, 2.39%, 0, 0, 8, 3.97
1500365135, 156, 14, 26, 0, 0, 2.39%, 0, 0, 8, 3.97
1500365212, 156, 18, 26, 0, 0, 2.39%, 0, 0, 8, 3.95
1500365222, 157, 3, 26, 0, 0, 2.39%, 0, 0, 8, 3.96
1500365294, 157, 18, 26, 0, 0, 2.39%, 0, 0, 8, 3.93
1500365304, 158, 18, 26, 0, 0, 2.39%, 0, 0, 8, 3.99
1500365319, 159, 4, 26, 0, 0, 2.39%, 0, 0, 8, 3.85
1500365386, 159, 18, 26, 0, 0, 2.39%, 0, 0, 8, 3.98
1500365396, 160, 3, 26, 0, 0, 2.39%, 0, 0, 8, 3.97
1500365462, 160, 9, 26, 0, 0, 2.39%, 0, 0, 8, 3.94
1500365534, 160, 18, 26, 0, 0, 2.39%, 0, 0, 8, 3.95
1500365544, 160, 24, 26, 0, 0, 2.39%, 0, 0, 8, 4.00
1500365692, 161, 1, 26, 0, 0, 2.39%, 0, 0, 8, 3.98
1500365743, 161, 1, 27, 1, 0, 2.39%, 0, 0, 8, 3.92
1500365764, 161, 2, 27, 1, 0, 2.39%, 0, 0, 8, 3.97
1500365836, 161, 16, 27, 1, 0, 2.39%, 0, 0, 8, 3.85
1500365841, 161, 18, 27, 1, 0, 2.39%, 0, 0, 8, 3.85
1500365851, 162, 13, 27, 1, 0, 2.39%, 0, 0, 8, 3.98
1500365928, 162, 18, 27, 1, 0, 2.39%, 0, 0, 8, 4.03
1500365939, 162, 22, 27, 1, 0, 2.39%, 0, 0, 8, 3.97
1500365954, 162, 22, 28, 2, 0, 2.39%, 0, 0, 8, 3.97
1500366138, 162, 24, 28, 2, 0, 2.39%, 0, 0, 8, 3.99
1500366286, 163, 2, 28, 2, 0, 2.39%, 0, 0, 8, 3.97
1500366353, 163, 18, 28, 2, 0, 2.39%, 0, 0, 8, 3.92
1500366368, 163, 26, 28, 2, 0, 2.39%, 0, 0, 8, 3.91
1500366455, 164, 4, 28, 1, 0, 2.39%, 0, 0, 8, 3.98
1500366522, 164, 18, 28, 1, 0, 2.39%, 0, 0, 8, 3.94
1500366532, 165, 12, 28, 1, 0, 2.39%, 0, 0, 8, 3.91
1500366599, 165, 18, 28, 1, 0, 2.39%, 0, 0, 8, 4.08
1500366614, 165, 27, 28, 1, 0, 2.39%, 0, 0, 8, 3.90
1500366838, 166, 18, 28, 0, 0, 2.39%, 0, 0, 8, 3.98
1500366848, 166, 24, 28, 0, 0, 2.39%, 0, 0, 8, 3.90
1500366997, 167, 0, 28, 0, 0, 2.39%, 0, 0, 8, 3.97
1500367063, 167, 5, 28, 0, 0, 2.39%, 0, 0, 8, 3.91
1500367130, 167, 8, 28, 0, 0, 2.39%, 0, 0, 8, 3.93
1500367150, 167, 8, 29, 1, 0, 2.39%, 0, 0, 8, 4.02
1500367201, 167, 18, 29, 1, 0, 2.39%, 0, 0, 8, 3.91
1500367216, 168, 18, 29, 1, 0, 2.39%, 0, 0, 8, 3.90
1500367231, 168, 20, 29, 1, 0, 2.39%, 0, 0, 8, 3.97
1500367374, 169, 18, 29, 1, 0, 2.39%, 0, 0, 8, 4.01
1500367389, 170, 16, 29, 1, 0, 2.39%, 0, 0, 8, 3.94
1500367395, 170, 18, 29, 1, 0, 2.39%, 0, 0, 8, 3.93
1500367410, 170, 23, 29, 1, 0, 2.39%, 0, 0, 8, 4.01
1500367630, 170, 28, 29, 1, 0, 2.39%, 0, 0, 8, 3.88
1500367779, 171, 18, 29, 0, 0, 2.39%, 0, 0, 8, 3.91
1500367789, 172, 18, 29, 0, 0, 2.39%, 0, 0, 8, 3.96
1500367804, 173, 1, 29, 0, 0, 2.39%, 0, 0, 8, 3.96
1500367871, 173, 18, 29, 0, 0, 2.39%, 0, 0, 8, 3.81
1500367881, 173, 21, 29, 0, 0, 2.39%, 0, 0, 8, 3.90
1500368029, 174, 18, 29, 0, 0, 2.39%, 0, 0, 8, 3.96
1500368044, 175, 10, 29, 0, 0, 2.39%, 0, 0, 8, 3.94
1500368116, 175, 18, 29, 0, 0, 2.39%, 0, 0, 8, 3.96
1500368131, 175, 28, 29, 0, 0, 2.39%, 0, 0, 8, 3.93
1500368274, 176, 18, 29, 0, 0, 2.39%, 0, 0, 8, 4.01
1500368290, 177, 4, 29, 0, 0, 2.39%, 0, 0, 8, 3.96
1500368356, 177, 18, 29, 0, 0, 2.39%, 0, 0, 8, 3.90
1500368371, 177, 19, 29, 0, 0, 2.39%, 0, 0, 8, 4.00
1500368422, 177, 22, 29, 0, 0, 2.39%, 0, 0, 8, 4.01
1500368565, 177, 28, 29, 0, 0, 2.39%, 0, 0, 8, 3.99
1500368713, 178, 2, 29, 0, 0, 2.39%, 0, 0, 8, 3.95
1500368779, 178, 8, 29, 0, 0, 2.39%, 0, 0, 8, 3.96
1500368851, 178, 10, 29, 0, 0, 2.39%, 0, 0, 8, 3.95
1500368923, 178, 18, 29, 0, 0, 2.39%, 0, 0, 8, 3.92
1500368938, 179, 14, 29, 0, 0, 2.39%, 0, 0, 8, 3.97
1500368995, 179, 14, 30, 1, 0, 2.39%, 0, 0, 8, 3.93
1500369016, 179, 18, 30, 1, 0, 2.39%, 0, 0, 8, 4.08
1500369031, 179, 24, 30, 1, 0, 2.39%, 0, 0, 8, 3.90
1500369174, 180, 8, 30, 1, 0, 2.39%, 0, 0, 8, 3.91
1500369241, 180, 18, 30, 1, 0, 2.39%, 0, 0, 8, 3.97
1500369256, 181, 0, 30, 1, 0, 2.39%, 0, 0, 8, 3.92
1500369323, 181, 2, 30, 1, 0, 2.39%, 0, 0, 8, 3.88
1500369389, 181, 4, 30, 1, 0, 2.39%, 0, 0, 8, 3.99
1500369456, 181, 18, 30, 1, 0, 2.39%, 0, 0, 8, 4.02
1500369471, 182, 0, 30, 1, 0, 2.39%, 0, 0, 8, 3.95
1500369538, 182, 11, 30, 1, 0, 2.39%, 0, 0, 8, 4.03
1500369610, 182, 18, 30, 1, 0, 2.39%, 0, 0, 8, 3.95
1500369625, 183, 1, 30, 1, 0, 2.39%, 0, 0, 8, 4.02
1500369691, 183, 10, 30, 1, 0, 2.39%, 0, 0, 8, 4.01
1500369768, 183, 18, 30, 1, 0, 2.39%, 0, 0, 8, 3.98
1500369778, 183, 29, 30, 1, 0, 2.39%, 0, 0, 8, 4.01
1500369926, 184, 2, 30, 0, 0, 2.39%, 0, 0, 8, 4.00
1500369992, 184, 12, 30, 0, 0, 2.39%, 0, 0, 8, 4.00
1500370059, 184, 13, 30, 0, 0, 2.39%, 0, 0, 8, 3.94
1500370130, 184, 18, 30, 0, 0, 2.39%, 0, 0, 8, 4.01
1500370146, 184, 24, 30, 0, 0, 2.39%, 0, 0, 8, 3.96
1500370289, 185, 18, 30, 0, 0, 2.39%, 0, 0, 8, 4.03
1500370305, 186, 4, 30, 0, 0, 2.39%, 0, 0, 8, 3.90
1500370371, 186, 18, 30, 0, 0, 2.39%, 0, 0, 8, 4.01
1500370387, 187, 12, 30, 0, 0, 2.39%, 0, 0, 8, 3.98
1500370453, 187, 18, 30, 0, 0, 2.39%, 0, 0, 8, 3.98
1500370463, 187, 22, 30, 0, 0, 2.39%, 0, 0, 8, 3.94
1500370612, 188, 18, 30, 0, 0, 2.39%, 0, 0, 8, 3.98
1500370622, 189, 8, 30, 0, 0, 2.39%, 0, 0, 8, 3.96
1500370694, 189, 17, 30, 0, 0, 2.39%, 0, 0, 8, 3.86
1500370837, 189, 18, 30, 0, 0, 2.39%, 0, 0, 8, 3.93
1500370853, 190, 11, 30, 0, 0, 2.39%, 0, 0, 8, 4.09
1500370924, 190, 18, 30, 0, 0, 2.39%, 0, 0, 8, 3.95
1500370939, 191, 18, 30, 0, 0, 2.39%, 0, 0, 8, 3.95
1500370949, 191, 29, 30, 0, 0, 2.39%, 0, 0, 8, 3.97
1500371097, 192, 14, 30, 0, 0, 2.39%, 0, 0, 8, 3.97
1500371174, 192, 18, 30, 0, 0, 2.39%, 0, 0, 8, 4.00
1500371184, 192, 20, 30, 0, 0, 2.39%, 0, 0, 8, 3.99
1500371332, 193, 14, 30, 0, 0, 2.39%, 0, 0, 8, 3.95
1500371403, 193, 16, 30, 0, 0, 2.39%, 0, 0, 8, 4.01
1500371408, 193, 18, 30, 0, 0, 2.39%, 0, 0, 8, 3.90
1500371424, 194, 18, 30, 0, 0, 2.39%, 0, 0, 8, 3.97
1500371434, 195, 18, 30, 0, 0, 2.39%, 0, 0, 8, 3.95
1500371449, 195, 25, 30, 0, 0, 2.39%, 0, 0, 8, 4.04
1500371669, 195, 28, 30, 0, 0, 2.39%, 0, 0, 8, 4.05
1500371817, 196, 12, 30, 0, 0, 2.39%, 0, 0, 8, 3.99
1500371884, 196, 18, 30, 0, 0, 2.39%, 0, 0, 8, 3.97
1500371899, 197, 18, 30, 0, 0, 2.39%, 0, 0, 8, 3.96
1500371909, 197, 23, 30, 0, 0, 2.39%, 0, 0, 8, 3.96
1500372134, 198, 18, 30, 0, 0, 2.39%, 0, 0, 8, 3.94
1500372144, 199, 18, 30, 0, 0, 2.39%, 0, 0, 8, 3.97
1500372160, 199, 22, 30, 0, 0, 2.39%, 0, 0, 8, 3.83
1500372308, 200, 18, 30, 0, 0, 2.39%, 0, 0, 8, 3.93
1500372318, 201, 11, 30, 0, 0, 2.39%, 0, 0, 8, 3.98
1500372395, 201, 18, 30, 0, 0, 2.39%, 0, 0, 8, 3.92
1500372405, 201, 25, 30, 0, 0, 2.39%, 0, 0, 8, 3.95
1500372630, 201, 27, 30, 0, 0, 2.39%, 0, 0, 8, 3.99
1500372855, 201, 28, 30, 0, 0, 2.39%, 0, 0, 8, 3.91
1500372999, 202, 0, 30, 0, 0, 2.39%, 0, 0, 8, 3.85
1500373065, 202, 6, 30, 0, 0, 2.39%, 0, 0, 8, 4.03
1500373075, 202, 18, 30, 0, 0, 2.39%, 0, 0, 8, 4.00
1500373085, 203, 8, 30, 0, 0, 2.39%, 0, 0, 8, 3.99
1500373152, 203, 18, 30, 0, 0, 2.39%, 0, 0, 8, 4.00
1500373167, 203, 27, 30, 0, 0, 2.39%, 0, 0, 8, 3.96
1500373386, 204, 18, 30, 0, 0, 2.39%, 0, 0, 8, 3.97
1500373401, 204, 19, 30, 0, 0, 2.39%, 0, 0, 8, 3.96
1500373453, 205, 6, 30, 0, 0, 2.39%, 0, 0, 8, 3.94
1500373458, 205, 18, 30, 0, 0, 2.39%, 0, 0, 8, 4.02
1500373473, 206, 18, 30, 0, 0, 2.39%, 0, 0, 8, 4.03
1500373483, 206, 22, 30, 0, 0, 2.39%, 0, 0, 8, 3.87
1500373631, 207, 18, 30, 0, 0, 2.39%, 0, 0, 8, 3.85
1500373646, 207, 19, 30, 0, 0, 2.39%, 0, 0, 8, 3.94
1500373697, 207, 26, 30, 0, 0, 2.39%, 0, 0, 8, 3.94
1500373784, 208, 12, 30, 0, 0, 2.39%, 0, 0, 8, 3.87
1500373851, 208, 18, 30, 0, 0, 2.39%, 0, 0, 8, 3.94
1500373856, 208, 18, 31, 1, 0, 2.53%, 0, 0, 8, 3.94
1500373886, 208, 21, 31, 1, 0, 2.53%, 0, 0, 8, 3.99
1500374034, 208, 29, 31, 1, 0, 2.53%, 0, 0, 8, 4.03
1500374178, 209, 18, 31, 1, 0, 2.53%, 0, 0, 8, 3.94
1500374193, 209, 26, 31, 1, 0, 2.53%, 0, 0, 8, 4.12
1500374280, 209, 30, 31, 1, 0, 2.53%, 0, 0, 8, 3.94
1500374301, 209, 30, 32, 2, 0, 2.53%, 0, 0, 8, 3.99
1500374479, 210, 16, 32, 1, 0, 2.53%, 0, 0, 8, 3.97
1500374484, 210, 18, 32, 1, 0, 2.53%, 0, 0, 8, 3.97
1500374499, 210, 23, 32, 1, 0, 2.53%, 0, 0, 8, 4.02
1500374719, 211, 15, 32, 1, 0, 2.53%, 0, 0, 8, 4.00
1500374780, 211, 15, 33, 2, 0, 2.53%, 0, 0, 8, 3.99
1500374877, 211, 18, 33, 2, 0, 2.53%, 0, 0, 8, 4.03
1500374887, 211, 31, 33, 2, 0, 2.53%, 0, 0, 8, 3.99
1500375112, 212, 15, 33, 1, 0, 2.53%, 0, 0, 8, 3.93
1500375199, 212, 18, 33, 1, 0, 2.53%, 0, 0, 8, 3.94
1500375214, 212, 21, 33, 1, 0, 2.53%, 0, 0, 8, 3.97
1500375362, 213, 7, 33, 1, 0, 2.53%, 0, 0, 8, 3.90
1500375428, 213, 18, 33, 1, 0, 2.53%, 0, 0, 8, 3.91
1500375438, 213, 19, 33, 1, 0, 2.53%, 0, 0, 8, 4.01
1500375489, 214, 8, 33, 1, 0, 2.53%, 0, 0, 8, 3.96
1500375556, 214, 15, 33, 1, 0, 2.53%, 0, 0, 8, 4.00
1500375643, 214, 18, 33, 1, 0, 2.53%, 0, 0, 8, 3.90
1500375658, 214, 31, 33, 1, 0, 2.53%, 0, 0, 8, 3.99
1500375876, 214, 32, 33, 1, 0, 2.53%, 0, 0, 8, 4.00
1500376066, 215, 0, 33, 0, 0, 2.53%, 0, 0, 8, 3.96
1500376132, 215, 9, 33, 0, 0, 2.53%, 0, 0, 8, 3.94
1500376204, 215, 11, 33, 0, 0, 2.53%, 0, 0, 8, 3.97
1500376275, 215, 12, 33, 0, 0, 2.53%, 0, 0, 8, 3.89
1500376342, 215, 18, 33, 0, 0, 2.53%, 0, 0, 8, 3.94
1500376357, 215, 27, 33, 0, 0, 2.53%, 0, 0, 8, 3.99
1500376576, 216, 17, 33, 0, 0, 2.53%, 0, 0, 8, 4.03
1500376725, 216, 18, 33, 0, 0, 2.53%, 0, 0, 8, 3.99
1500376735, 216, 30, 33, 0, 0, 2.53%, 0, 0, 8, 4.06
1500376884, 217, 18, 33, 0, 0, 2.53%, 0, 0, 8, 4.02
1500376899, 218, 4, 33, 0, 0, 2.53%, 0, 0, 8, 4.19
1500376966, 218, 18, 33, 0, 0, 2.53%, 0, 0, 8, 4.00
1500376976, 219, 1, 33, 0, 0, 2.53%, 0, 0, 8, 3.95
1500377042, 219, 7, 33, 0, 0, 2.53%, 0, 0, 8, 3.89
1500377109, 219, 18, 33, 0, 0, 2.53%, 0, 0, 8, 3.95
1500377124, 220, 0, 33, 0, 0, 2.53%, 0, 0, 8, 3.98
1500377190, 220, 4, 33, 0, 0, 2.53%, 0, 0, 8, 4.04
1500377257, 220, 18, 33, 0, 0, 2.53%, 0, 0, 8, 3.91
1500377272, 221, 18, 33, 0, 0, 2.53%, 0, 0, 8, 4.02
1500377283, 221, 30, 33, 0, 0, 2.53%, 0, 0, 8, 3.97
1500377430, 222, 1, 33, 0, 0, 2.53%, 0, 0, 8, 3.92
1500377497, 222, 10, 33, 0, 0, 2.53%, 0, 0, 8, 3.99
1500377574, 222, 14, 33, 0, 0, 2.53%, 0, 0, 8, 4.00
1500377645, 222, 18, 33, 0, 0, 2.53%, 0, 0, 8, 3.92
1500377661, 222, 28, 33, 0, 0, 2.53%, 0, 0, 8, 4.03
1500377804, 223, 18, 33, 0, 0, 2.53%, 0, 0, 8, 3.95
1500377819, 224, 0, 33, 0, 0, 2.53%, 0, 0, 8, 4.06
1500377886, 224, 18, 33, 0, 0, 2.53%, 0, 0, 8, 4.00
1500377896, 225, 18, 33, 0, 0, 2.53%, 0, 0, 8, 4.00
1500377912, 225, 19, 33, 0, 0, 2.53%, 0, 0, 8, 4.04
1500377963, 225, 31, 33, 0, 0, 2.53%, 0, 0, 8, 3.98
1500378182, 226, 5, 33, 0, 0, 2.53%, 0, 0, 8, 4.00
1500378253, 226, 18, 33, 0, 0, 2.53%, 0, 0, 8, 3.99
1500378263, 226, 27, 33, 0, 0, 2.53%, 0, 0, 8, 3.99
1500378487, 227, 18, 33, 0, 0, 2.53%, 0, 0, 8, 3.87
1500378498, 227, 27, 33, 0, 0, 2.53%, 0, 0, 8, 3.98
1500378718, 227, 28, 33, 0, 0, 2.53%, 0, 0, 8, 4.10
1500378866, 228, 18, 33, 0, 0, 2.53%, 0, 0, 8, 3.95
1500378881, 229, 14, 33, 0, 0, 2.53%, 0, 0, 8, 3.98
1500378953, 229, 18, 33, 0, 0, 2.53%, 0, 0, 8, 4.02
1500378963, 230, 6, 33, 0, 0, 2.53%, 0, 0, 8, 3.96
1500378974, 230, 10, 33, 0, 0, 2.53%, 0, 0, 8, 3.92
1500379046, 230, 14, 33, 0, 0, 2.53%, 0, 0, 8, 3.97
1500379118, 230, 15, 33, 0, 0, 2.53%, 0, 0, 8, 3.94
1500379204, 230, 18, 33, 0, 0, 2.53%, 0, 0, 8, 3.96
1500379220, 230, 28, 33, 0, 0, 2.53%, 0, 0, 8, 3.94
1500379357, 230, 28, 34, 1, 0, 2.53%, 0, 0, 8, 3.87
1500379373, 231, 3, 34, 1, 0, 2.53%, 0, 0, 8, 3.95
1500379439, 231, 18, 34, 1, 0, 2.53%, 0, 0, 8, 4.00
1500379454, 231, 22, 34, 1, 0, 2.53%, 0, 0, 8, 4.06
1500379603, 231, 26, 34, 1, 0, 2.53%, 0, 0, 8, 3.96
1500379690, 231, 32, 34, 1, 0, 2.53%, 0, 0, 8, 3.90
1500379833, 232, 6, 34, 1, 0, 2.53%, 0, 0, 8, 4.00
1500379843, 232, 14, 34, 1, 0, 2.53%, 0, 0, 8, 3.98
1500379915, 232, 18, 34, 1, 0, 2.53%, 0, 0, 8, 3.98
1500379930, 232, 28, 34, 1, 0, 2.53%, 0, 0, 8, 3.97
1500380073, 233, 1, 34, 1, 0, 2.53%, 0, 0, 8, 3.94
1500380145, 233, 10, 34, 1, 0, 2.53%, 0, 0, 8, 3.91
1500380216, 233, 18, 34, 1, 0, 2.53%, 0, 0, 8, 4.03
1500380232, 233, 33, 34, 1, 0, 2.53%, 0, 0, 8, 3.92
1500380436, 234, 18, 34, 0, 0, 2.53%, 0, 0, 8, 3.98
1500380446, 234, 23, 34, 0, 0, 2.53%, 0, 0, 8, 4.01
1500380671, 234, 27, 34, 0, 0, 2.53%, 0, 0, 8, 3.98
1500380890, 235, 9, 34, 0, 0, 2.53%, 0, 0, 8, 4.00
1500380957, 235, 18, 34, 0, 0, 2.53%, 0, 0, 8, 3.99
1500380973, 235, 31, 34, 0, 0, 2.53%, 0, 0, 8, 3.95
1500381193, 236, 15, 34, 0, 0, 2.53%, 0, 0, 8, 3.98
1500381269, 236, 18, 34, 0, 0, 2.53%, 0, 0, 8, 4.02
1500381280, 237, 13, 34, 0, 0, 2.53%, 0, 0, 8, 3.89
1500381356, 237, 18, 34, 0, 0, 2.53%, 0, 0, 8, 3.95
1500381366, 237, 24, 34, 0, 0, 2.53%, 0, 0, 8, 3.97
1500381515, 237, 33, 34, 0, 0, 2.53%, 0, 0, 8, 3.99
1500381663, 238, 18, 34, 0, 0, 2.53%, 0, 0, 8, 3.97
1500381673, 239, 7, 34, 0, 0, 2.53%, 0, 0, 8, 3.97
1500381745, 239, 18, 34, 0, 0, 2.53%, 0, 0, 8, 4.04
1500381755, 240, 4, 34, 0, 0, 2.53%, 0, 0, 8, 3.99
1500381822, 240, 8, 34, 0, 0, 2.53%, 0, 0, 8, 3.89
1500381888, 240, 15, 34, 0, 0, 2.53%, 0, 0, 8, 3.93
1500381965, 240, 18, 34, 0, 0, 2.53%, 0, 0, 8, 3.94
1500381976, 241, 18, 34, 0, 0, 2.53%, 0, 0, 8, 4.06
1500381991, 241, 28, 34, 0, 0, 2.53%, 0, 0, 8, 4.00
1500382002, 241, 28, 35, 1, 0, 2.53%, 0, 0, 8, 3.86
1500382191, 241, 33, 35, 1, 0, 2.53%, 0, 0, 8, 3.95
1500382338, 242, 6, 35, 1, 0, 2.53%, 0, 0, 8, 4.17
1500382343, 242, 18, 35, 1, 0, 2.53%, 0, 0, 8, 4.00
1500382358, 242, 34, 35, 1, 0, 2.53%, 0, 0, 8, 3.96
1500382543, 243, 1, 35, 0, 0, 2.53%, 0, 0, 8, 4.01
1500382614, 243, 18, 35, 0, 0, 2.53%, 0, 0, 8, 3.95
1500382624, 243, 20, 35, 0, 0, 2.53%, 0, 0, 8, 4.02
1500382772, 244, 15, 35, 0, 0, 2.53%, 0, 0, 8, 3.97
1500382844, 244, 18, 35, 0, 0, 2.53%, 0, 0, 8, 3.96
1500382860, 244, 23, 35, 0, 0, 2.53%, 0, 0, 8, 3.96
1500383080, 245, 7, 35, 0, 0, 2.53%, 0, 0, 8, 3.97
1500383146, 245, 18, 35, 0, 0, 2.53%, 0, 0, 8, 4.01
1500383161, 246, 18, 35, 0, 0, 2.53%, 0, 0, 8, 3.93
1500383176, 247, 18, 35, 0, 0, 2.53%, 0, 0, 8, 3.93
1500383187, 248, 16, 35, 0, 0, 2.53%, 0, 0, 8, 3.99
1500383192, 248, 18, 35, 0, 0, 2.53%, 0, 0, 8, 3.98
1500383207, 248, 27, 35, 0, 0, 2.53%, 0, 0, 8, 3.95
1500383426, 248, 30, 35, 0, 0, 2.53%, 0, 0, 8, 4.01
1500383574, 248, 33, 35, 0, 0, 2.53%, 0, 0, 8, 3.88
1500383723, 248, 34, 35, 0, 0, 2.53%, 0, 0, 8, 3.93
1500383871, 249, 18, 35, 0, 0, 2.53%, 0, 0, 8, 3.96
1500383881, 249, 19, 35, 0, 0, 2.53%, 0, 0, 8, 4.01
1500383933, 250, 12, 35, 0, 0, 2.53%, 0, 0, 8, 3.93
1500383953, 250, 12, 36, 1, 0, 2.53%, 0, 0, 8, 3.97
1500384009, 250, 18, 36, 1, 0, 2.53%, 0, 0, 8, 3.94
1500384019, 250, 19, 36, 1, 0, 2.53%, 0, 0, 8, 3.96
1500384071, 251, 17, 36, 1, 0, 2.53%, 0, 0, 8, 3.99
1500384220, 251, 18, 36, 1, 0, 2.53%, 0, 0, 8, 3.93
1500384230, 251, 21, 36, 1, 0, 2.53%, 0, 0, 8, 4.00
1500384378, 251, 25, 36, 1, 0, 2.53%, 0, 0, 8, 3.93
1500384603, 252, 10, 36, 1, 0, 2.53%, 0, 0, 8, 3.95
1500384675, 252, 11, 36, 1, 0, 2.53%, 0, 0, 8, 3.98
1500384751, 252, 18, 36, 1, 0, 2.53%, 0, 0, 8, 3.91
1500384761, 253, 18, 36, 1, 0, 2.53%, 0, 0, 8, 3.90
1500384777, 253, 35, 36, 1, 0, 2.53%, 0, 0, 8, 3.97
1500384864, 254, 5, 36, 0, 0, 2.53%, 0, 0, 8, 3.98
1500384930, 254, 18, 36, 0, 0, 2.53%, 0, 0, 8, 3.97
1500384940, 254, 24, 36, 0, 0, 2.53%, 0, 0, 8, 3.96
1500385088, 255, 2, 36, 0, 0, 2.53%, 0, 0, 8, 4.08
1500385155, 255, 10, 36, 0, 0, 2.53%, 0, 0, 8, 3.91
1500385232, 255, 18, 36, 0, 0, 2.53%, 0, 0, 8, 3.97
1500385242, 255, 21, 36, 0, 0, 2.53%, 0, 0, 8, 4.03
1500385390, 255, 28, 36, 0, 0, 2.53%, 0, 0, 8, 4.03
1500385534, 256, 1, 36, 0, 0, 2.53%, 0, 0, 8, 3.85
1500385601, 256, 6, 36, 0, 0, 2.53%, 0, 0, 8, 4.00
1500385606, 256, 18, 36, 0, 0, 2.53%, 0, 0, 8, 3.92
1500385622, 256, 21, 36, 0, 0, 2.53%, 0, 0, 8, 3.89
1500385770, 256, 35, 36, 0, 0, 2.53%, 0, 0, 8, 3.96
1500385856, 257, 11, 36, 0, 0, 2.53%, 0, 0, 8, 3.94
1500385933, 257, 18, 36, 0, 0, 2.53%, 0, 0, 8, 3.90
1500385943, 258, 3, 36, 0, 0, 2.53%, 0, 0, 8, 3.96
1500386009, 258, 18, 36, 0, 0, 2.53%, 0, 0, 8, 3.95
1500386025, 258, 24, 36, 0, 0, 2.53%, 0, 0, 8, 3.94
1500386174, 258, 32, 36, 0, 0, 2.53%, 0, 0, 8, 3.90
1500386317, 259, 5, 36, 0, 0, 2.53%, 0, 0, 8, 3.98
1500386384, 259, 15, 36, 0, 0, 2.53%, 0, 0, 8, 3.98
1500386461, 259, 18, 36, 0, 0, 2.53%, 0, 0, 8, 3.79
1500386476, 260, 11, 36, 0, 0, 2.53%, 0, 0, 8, 4.00
1500386553, 260, 18, 36, 0, 0, 2.53%, 0, 0, 8, 3.94
1500386563, 260, 35, 36, 0, 0, 2.53%, 0, 0, 8, 3.85
1500386656, 261, 0, 36, 0, 0, 2.53%, 0, 0, 8, 3.72
1500386723, 261, 18, 36, 0, 0, 2.53%, 0, 0, 8, 3.97
1500386738, 261, 29, 36, 0, 0, 2.53%, 0, 0, 8, 3.99
1500386881, 262, 9, 36, 0, 0, 2.53%, 0, 0, 8, 3.83
1500386917, 262, 9, 37, 1, 0, 2.53%, 0, 0, 8, 2.86
1500386985, 262, 16, 37, 1, 0, 2.53%, 0, 0, 8, 2.89
1500386995, 262, 18, 37, 1, 0, 2.53%, 0, 0, 8, 3.66
1500387005, 262, 23, 37, 1, 0, 2.53%, 0, 0, 8, 3.97
1500387229, 262, 27, 37, 1, 0, 2.53%, 0, 0, 8, 3.99
1500387456, 262, 36, 37, 1, 0, 2.53%, 0, 0, 8, 3.81
1500387559, 263, 18, 37, 0, 0, 2.53%, 0, 0, 8, 4.08
1500387574, 263, 25, 37, 0, 0, 2.53%, 0, 0, 8, 3.65
1500387817, 264, 7, 37, 0, 0, 2.53%, 0, 0, 8, 3.52
1500387894, 264, 18, 37, 0, 0, 2.53%, 0, 0, 8, 3.60
1500387909, 265, 18, 37, 0, 0, 2.53%, 0, 0, 8, 3.52
1500387925, 265, 31, 37, 0, 0, 2.53%, 0, 0, 8, 3.56
1500388167, 266, 15, 37, 0, 0, 2.53%, 0, 0, 8, 3.88
1500388238, 266, 18, 37, 0, 0, 2.53%, 0, 0, 8, 3.93
1500388254, 267, 6, 37, 0, 0, 2.53%, 0, 0, 8, 3.98
1500388264, 267, 18, 37, 0, 0, 2.53%, 0, 0, 8, 4.00
1500388274, 268, 18, 37, 0, 0, 2.53%, 0, 0, 8, 3.87
1500388289, 268, 26, 37, 0, 0, 2.53%, 0, 0, 8, 3.99
1500388377, 268, 32, 37, 0, 0, 2.53%, 0, 0, 8, 3.91
1500388519, 269, 3, 37, 0, 0, 2.53%, 0, 0, 8, 3.92
1500388592, 269, 11, 37, 0, 0, 2.53%, 0, 0, 8, 3.87
1500388669, 269, 13, 37, 0, 0, 2.53%, 0, 0, 8, 3.85
1500388740, 269, 18, 37, 0, 0, 2.53%, 0, 0, 8, 3.99
1500388756, 269, 35, 37, 0, 0, 2.53%, 0, 0, 8, 4.01
1500388843, 270, 18, 37, 0, 0, 2.53%, 0, 0, 8, 3.88
1500388859, 271, 18, 37, 0, 0, 2.53%, 0, 0, 8, 4.00
1500388869, 271, 30, 37, 0, 0, 2.53%, 0, 0, 8, 3.91
