# unix_time, cycles_done, cur_path, paths_total, pending_total, pending_favs, map_size, unique_crashes, unique_hangs, max_depth, execs_per_sec
1500345468, 0, 0, 4, 4, 1, 2.38%, 0, 0, 1, 7.75
1500345473, 0, 2, 6, 6, 1, 2.38%, 0, 0, 2, 7.80
1500345519, 0, 2, 6, 5, 0, 2.38%, 0, 0, 2, 6.59
1500345525, 0, 4, 6, 5, 1, 2.38%, 0, 0, 2, 6.42
1500345545, 0, 4, 7, 6, 1, 2.38%, 0, 0, 3, 6.40
1500345571, 0, 5, 7, 5, 0, 2.38%, 0, 0, 3, 6.35
1500345612, 0, 6, 7, 4, 0, 2.38%, 0, 0, 3, 6.34
1500345658, 1, 0, 7, 3, 0, 2.38%, 0, 0, 3, 6.31
1500345699, 1, 1, 7, 2, 0, 2.38%, 0, 0, 3, 6.25
1500345740, 1, 2, 7, 1, 0, 2.38%, 0, 0, 3, 6.48
1500345782, 1, 3, 7, 1, 0, 2.38%, 0, 0, 3, 6.22
1500345828, 1, 4, 7, 0, 0, 2.38%, 0, 0, 3, 6.29
1500345869, 1, 5, 7, 0, 0, 2.38%, 0, 0, 3, 5.19
1500345921, 1, 6, 7, 0, 0, 2.38%, 0, 0, 3, 5.04
1500345988, 2, 0, 7, 0, 0, 2.38%, 0, 0, 3, 4.27
1500346054, 2, 1, 7, 0, 0, 2.38%, 0, 0, 3, 3.50
1500346111, 2, 1, 8, 1, 0, 2.39%, 0, 0, 3, 3.77
1500346142, 2, 7, 8, 1, 1, 2.39%, 0, 0, 3, 3.75
1500346152, 3, 0, 8, 0, 0, 2.39%, 0, 0, 3, 3.84
1500346213, 3, 1, 8, 0, 0, 2.39%, 0, 0, 3, 4.00
1500346249, 3, 1, 9, 1, 0, 2.39%, 0, 0, 3, 4.08
1500346285, 3, 2, 9, 1, 0, 2.39%, 0, 0, 3, 3.95
1500346351, 3, 3, 9, 1, 0, 2.39%, 0, 0, 3, 4.01
1500346418, 3, 4, 9, 1, 0, 2.39%, 0, 0, 3, 4.05
1500346484, 3, 4, 10, 2, 0, 2.39%, 0, 0, 3, 3.99
1500346499, 3, 5, 10, 2, 0, 2.39%, 0, 0, 3, 4.11
1500346566, 3, 6, 10, 2, 0, 2.39%, 0, 0, 3, 3.94
1500346637, 3, 7, 10, 2, 0, 2.39%, 0, 0, 3, 3.92
1500346642, 3, 8, 10, 2, 0, 2.39%, 0, 0, 3, 4.01
1500346719, 3, 9, 10, 1, 0, 2.39%, 0, 0, 3, 4.02
1500346745, 3, 9, 11, 2, 0, 2.39%, 0, 0, 4, 3.99
1500346796, 3, 10, 11, 1, 1, 2.39%, 0, 0, 4, 3.92
1500346812, 3, 10, 12, 2, 1, 2.39%, 0, 0, 5, 4.03
1500346858, 4, 7, 12, 1, 0, 2.39%, 0, 0, 5, 3.93
1500346868, 4, 10, 12, 1, 0, 2.39%, 0, 0, 5, 3.98
1500346893, 4, 11, 12, 1, 0, 2.39%, 0, 0, 5, 3.94
1500346981, 5, 10, 12, 0, 0, 2.39%, 0, 0, 5, 4.00
1500346986, 5, 10, 13, 1, 0, 2.39%, 0, 0, 5, 3.92
1500347037, 6, 3, 13, 1, 0, 2.39%, 0, 0, 5, 4.01
1500347093, 6, 3, 14, 2, 0, 2.39%, 0, 0, 5, 4.13
1500347108, 6, 4, 14, 2, 0, 2.39%, 0, 0, 5, 4.00
1500347175, 6, 7, 14, 2, 0, 2.39%, 0, 0, 5, 3.93
1500347181, 6, 10, 14, 2, 0, 2.39%, 0, 0, 5, 3.95
1500347191, 7, 2, 14, 2, 0, 2.39%, 0, 0, 5, 4.00
1500347258, 7, 10, 14, 2, 0, 2.39%, 0, 0, 5, 3.90
1500347268, 8, 10, 14, 2, 0, 2.39%, 0, 0, 5, 3.90
1500347283, 9, 10, 14, 2, 0, 2.39%, 0, 0, 5, 3.96
1500347294, 9, 12, 14, 2, 0, 2.39%, 0, 0, 5, 3.98
1500347350, 9, 13, 14, 1, 0, 2.39%, 0, 0, 5, 3.94
1500347431, 10, 10, 14, 0, 0, 2.39%, 0, 0, 5, 3.94
1500347447, 11, 8, 14, 0, 0, 2.39%, 0, 0, 5, 3.97
1500347513, 11, 10, 14, 0, 0, 2.39%, 0, 0, 5, 3.99
1500347528, 11, 12, 14, 0, 0, 2.39%, 0, 0, 5, 4.07
1500347554, 12, 10, 14, 0, 0, 2.39%, 0, 0, 5, 3.99
1500347564, 13, 10, 14, 0, 0, 2.39%, 0, 0, 5, 3.90
1500347580, 13, 12, 14, 0, 0, 2.39%, 0, 0, 5, 3.94
1500347595, 14, 10, 14, 0, 0, 2.39%, 0, 0, 5, 3.83
1500347605, 15, 10, 14, 0, 0, 2.39%, 0, 0, 5, 4.01
1500347621, 16, 10, 14, 0, 0, 2.39%, 0, 0, 5, 3.87
1500347631, 16, 12, 14, 0, 0, 2.39%, 0, 0, 5, 3.93
1500347646, 17, 1, 15, 1, 0, 2.39%, 0, 0, 5, 4.01
1500347718, 17, 10, 15, 1, 0, 2.39%, 0, 0, 5, 4.00
1500347728, 17, 14, 15, 1, 0, 2.39%, 0, 0, 5, 3.99
1500347835, 18, 10, 15, 0, 0, 2.39%, 0, 0, 5, 3.95
1500347851, 19, 10, 15, 0, 0, 2.39%, 0, 0, 5, 3.99
1500347861, 20, 10, 15, 0, 0, 2.39%, 0, 0, 5, 3.97
1500347876, 21, 0, 15, 0, 0, 2.39%, 0, 0, 5, 3.92
1500347938, 21, 5, 15, 0, 0, 2.39%, 0, 0, 5, 4.01
1500347989, 21, 10, 15, 0, 0, 2.39%, 0, 0, 5, 4.10
1500348004, 22, 7, 15, 0, 0, 2.39%, 0, 0, 5, 4.02
1500348009, 22, 10, 15, 0, 0, 2.39%, 0, 0, 5, 4.01
1500348024, 22, 13, 15, 0, 0, 2.39%, 0, 0, 5, 3.95
1500348091, 23, 1, 15, 0, 0, 2.39%, 0, 0, 5, 4.00
1500348153, 23, 6, 15, 0, 0, 2.39%, 0, 0, 5, 3.92
1500348219, 23, 10, 15, 0, 0, 2.39%, 0, 0, 5, 3.90
1500348235, 24, 10, 15, 0, 0, 2.39%, 0, 0, 5, 3.97
1500348245, 24, 13, 15, 0, 0, 2.39%, 0, 0, 5, 3.97
1500348321, 25, 8, 15, 0, 0, 2.39%, 0, 0, 5, 4.00
1500348387, 25, 10, 15, 0, 0, 2.39%, 0, 0, 5, 3.99
1500348397, 26, 10, 15, 0, 0, 2.39%, 0, 0, 5, 3.97
1500348413, 27, 3, 15, 0, 0, 2.39%, 0, 0, 5, 3.98
1500348479, 27, 10, 15, 0, 0, 2.39%, 0, 0, 5, 3.99
1500348495, 28, 10, 15, 0, 0, 2.39%, 0, 0, 5, 3.92
1500348505, 29, 10, 15, 0, 0, 2.39%, 0, 0, 5, 4.02
1500348520, 29, 13, 15, 0, 0, 2.39%, 0, 0, 5, 3.96
1500348561, 29, 13, 16, 1, 0, 2.39%, 0, 0, 5, 3.94
1500348586, 29, 15, 16, 1, 0, 2.39%, 0, 0, 5, 3.97
1500348668, 30, 5, 16, 0, 0, 2.39%, 0, 0, 5, 3.93
1500348739, 30, 10, 16, 0, 0, 2.39%, 0, 0, 5, 3.97
1500348750, 30, 12, 16, 0, 0, 2.39%, 0, 0, 5, 4.01
1500348765, 30, 14, 16, 0, 0, 2.39%, 0, 0, 5, 3.99
1500348852, 31, 10, 17, 1, 0, 2.39%, 0, 0, 5, 3.95
1500348878, 31, 14, 17, 1, 1, 2.39%, 0, 0, 5, 3.97
1500348960, 31, 16, 17, 1, 1, 2.39%, 0, 0, 5, 3.87
1500349011, 32, 16, 17, 0, 0, 2.39%, 0, 0, 5, 4.01
1500349063, 33, 6, 17, 0, 0, 2.39%, 0, 0, 5, 3.98
1500349124, 33, 10, 17, 0, 0, 2.39%, 0, 0, 5, 4.05
1500349139, 33, 16, 17, 0, 0, 2.39%, 0, 0, 5, 4.11
1500349190, 34, 4, 17, 0, 0, 2.39%, 0, 0, 5, 3.98
1500349246, 34, 16, 17, 0, 0, 2.39%, 0, 0, 5, 4.07
1500349296, 35, 1, 17, 0, 0, 2.39%, 0, 0, 5, 3.83
1500349368, 35, 16, 17, 0, 0, 2.39%, 0, 0, 5, 4.00
1500349419, 36, 12, 17, 0, 0, 2.39%, 0, 0, 5, 3.91
1500349429, 36, 16, 17, 0, 0, 2.39%, 0, 0, 5, 3.92
1500349481, 37, 16, 17, 0, 0, 2.39%, 0, 0, 5, 3.91
1500349532, 38, 16, 17, 0, 0, 2.39%, 0, 0, 5, 3.94
1500349563, 39, 16, 17, 0, 0, 2.39%, 0, 0, 5, 4.00
1500349588, 40, 16, 17, 0, 0, 2.39%, 0, 0, 5, 3.98
1500349614, 41, 14, 17, 0, 0, 2.39%, 0, 0, 5, 4.00
1500349701, 41, 16, 17, 0, 0, 2.39%, 0, 0, 5, 3.92
1500349711, 42, 16, 17, 0, 0, 2.39%, 0, 0, 5, 3.96
1500349726, 43, 0, 17, 0, 0, 2.39%, 0, 0, 5, 3.95
1500349782, 43, 16, 17, 0, 0, 2.39%, 0, 0, 5, 3.90
1500349793, 44, 9, 17, 0, 0, 2.39%, 0, 0, 5, 3.95
1500349859, 44, 16, 17, 0, 0, 2.39%, 0, 0, 5, 3.88
1500349874, 45, 16, 17, 0, 0, 2.39%, 0, 0, 5, 3.96
1500349884, 46, 0, 17, 0, 0, 2.39%, 0, 0, 5, 4.01
1500349946, 46, 6, 17, 0, 0, 2.39%, 0, 0, 5, 3.91
1500350002, 46, 16, 17, 0, 0, 2.39%, 0, 0, 5, 3.99
1500350017, 47, 16, 17, 0, 0, 2.39%, 0, 0, 5, 3.97
1500350027, 48, 16, 17, 0, 0, 2.39%, 0, 0, 5, 4.01
1500350043, 49, 16, 17, 0, 0, 2.39%, 0, 0, 5, 4.04
1500350053, 50, 15, 17, 0, 0, 2.39%, 0, 0, 5, 4.04
1500350129, 50, 16, 17, 0, 0, 2.39%, 0, 0, 5, 3.90
1500350140, 51, 12, 17, 0, 0, 2.39%, 0, 0, 5, 3.98
1500350155, 51, 16, 17, 0, 0, 2.39%, 0, 0, 5, 3.98
1500350170, 52, 16, 17, 0, 0, 2.39%, 0, 0, 5, 4.02
1500350180, 53, 5, 17, 0, 0, 2.39%, 0, 0, 5, 3.98
1500350241, 53, 8, 17, 0, 0, 2.39%, 0, 0, 5, 4.01
1500350303, 53, 16, 17, 0, 0, 2.39%, 0, 0, 5, 3.97
1500350318, 54, 7, 17, 0, 0, 2.39%, 0, 0, 5, 3.96
1500350323, 54, 8, 17, 0, 0, 2.39%, 0, 0, 5, 3.98
1500350384, 54, 8, 18, 1, 0, 2.39%, 0, 0, 5, 3.94
1500350395, 54, 12, 18, 1, 0, 2.39%, 0, 0, 5, 3.97
1500350410, 54, 16, 18, 1, 0, 2.39%, 0, 0, 5, 4.03
1500350420, 55, 16, 18, 1, 0, 2.39%, 0, 0, 5, 4.01
1500350435, 56, 2, 18, 1, 0, 2.39%, 0, 0, 5, 3.94
1500350496, 56, 15, 18, 1, 0, 2.39%, 0, 0, 5, 4.00
1500350578, 56, 16, 18, 1, 0, 2.39%, 0, 0, 5, 3.95
1500350588, 57, 16, 18, 1, 0, 2.39%, 0, 0, 5, 4.00
1500350603, 57, 17, 18, 1, 0, 2.39%, 0, 0, 5, 3.99
1500350690, 58, 2, 18, 0, 0, 2.39%, 0, 0, 5, 4.02
1500350757, 58, 16, 18, 0, 0, 2.39%, 0, 0, 5, 3.92
1500350767, 59, 16, 18, 0, 0, 2.39%, 0, 0, 5, 4.04
1500350782, 60, 2, 18, 0, 0, 2.39%, 0, 0, 5, 4.01
1500350844, 60, 6, 18, 0, 0, 2.39%, 0, 0, 5, 4.02
1500350905, 60, 16, 18, 0, 0, 2.39%, 0, 0, 5, 4.02
1500350915, 60, 17, 18, 0, 0, 2.39%, 0, 0, 5, 3.94
1500351003, 61, 16, 18, 0, 0, 2.39%, 0, 0, 5, 3.90
1500351013, 62, 16, 18, 0, 0, 2.39%, 0, 0, 5, 3.97
1500351028, 63, 16, 18, 0, 0, 2.39%, 0, 0, 5, 3.97
1500351038, 64, 3, 18, 0, 0, 2.39%, 0, 0, 5, 4.04
1500351100, 64, 9, 18, 0, 0, 2.39%, 0, 0, 5, 3.91
1500351167, 64, 16, 18, 0, 0, 2.39%, 0, 0, 5, 3.88
1500351177, 65, 8, 18, 0, 0, 2.39%, 0, 0, 5, 3.97
1500351238, 65, 16, 18, 0, 0, 2.39%, 0, 0, 5, 4.01
1500351249, 66, 16, 18, 0, 0, 2.39%, 0, 0, 5, 4.04
1500351264, 67, 16, 18, 0, 0, 2.39%, 0, 0, 5, 3.98
1500351274, 68, 16, 18, 0, 0, 2.39%, 0, 0, 5, 3.97
1500351289, 69, 16, 18, 0, 0, 2.39%, 0, 0, 5, 3.92
1500351299, 70, 7, 18, 0, 0, 2.39%, 0, 0, 5, 3.93
1500351310, 70, 16, 18, 0, 0, 2.39%, 0, 0, 5, 4.03
1500351320, 71, 11, 18, 0, 0, 2.39%, 0, 0, 5, 4.00
1500351402, 71, 16, 18, 0, 0, 2.39%, 0, 0, 5, 3.91
1500351417, 72, 16, 18, 0, 0, 2.39%, 0, 0, 5, 3.97
1500351428, 73, 4, 18, 0, 0, 2.39%, 0, 0, 5, 4.03
1500351489, 73, 10, 18, 0, 0, 2.39%, 0, 0, 5, 3.99
1500351505, 73, 10, 19, 1, 0, 2.39%, 0, 0, 5, 3.99
1500351525, 73, 14, 19, 1, 0, 2.39%, 0, 0, 5, 3.94
1500351592, 73, 15, 19, 1, 0, 2.39%, 0, 0, 5, 4.12
1500351673, 73, 16, 19, 1, 0, 2.39%, 0, 0, 5, 3.96
1500351684, 73, 18, 19, 1, 0, 2.39%, 0, 0, 5, 3.91
1500351827, 74, 6, 19, 0, 0, 2.39%, 0, 0, 5, 4.00
1500351888, 74, 12, 19, 0, 0, 2.39%, 0, 0, 5, 4.03
1500351903, 74, 13, 19, 0, 0, 2.39%, 0, 0, 5, 3.98
1500351949, 74, 13, 20, 1, 0, 2.39%, 0, 0, 5, 4.00
1500351975, 74, 16, 20, 1, 0, 2.39%, 0, 0, 5, 4.04
1500351990, 75, 16, 20, 1, 0, 2.39%, 0, 0, 5, 3.97
1500352000, 75, 19, 20, 1, 0, 2.39%, 0, 0, 5, 4.03
1500352082, 76, 2, 20, 0, 0, 2.39%, 0, 0, 5, 3.96
1500352148, 76, 4, 20, 0, 0, 2.39%, 0, 0, 5, 3.93
1500352215, 76, 16, 20, 0, 0, 2.39%, 0, 0, 5, 3.96
1500352230, 76, 18, 20, 0, 0, 2.39%, 0, 0, 5, 4.07
1500352374, 77, 16, 20, 0, 0, 2.39%, 0, 0, 5, 4.02
1500352390, 78, 16, 20, 0, 0, 2.39%, 0, 0, 5, 3.95
1500352400, 79, 16, 20, 0, 0, 2.39%, 0, 0, 5, 3.98
1500352415, 80, 9, 20, 0, 0, 2.39%, 0, 0, 5, 3.94
1500352476, 80, 16, 20, 0, 0, 2.39%, 0, 0, 5, 3.99
1500352492, 80, 19, 20, 0, 0, 2.39%, 0, 0, 5, 4.04
1500352574, 81, 0, 20, 0, 0, 2.39%, 0, 0, 5, 3.90
1500352641, 81, 11, 20, 0, 0, 2.39%, 0, 0, 5, 3.97
1500352723, 81, 16, 20, 0, 0, 2.39%, 0, 0, 5, 3.95
1500352738, 82, 16, 20, 0, 0, 2.39%, 0, 0, 5, 3.98
1500352748, 83, 8, 20, 0, 0, 2.39%, 0, 0, 5, 3.94
1500352809, 83, 16, 20, 0, 0, 2.39%, 0, 0, 5, 3.92
1500352825, 83, 18, 20, 0, 0, 2.39%, 0, 0, 5, 4.00
1500352968, 84, 16, 20, 0, 0, 2.39%, 0, 0, 5, 4.00
1500352978, 85, 16, 20, 0, 0, 2.39%, 0, 0, 5, 4.01
1500352993, 86, 10, 20, 0, 0, 2.39%, 0, 0, 5, 3.89
1500353004, 86, 13, 20, 0, 0, 2.39%, 0, 0, 5, 3.97
1500353065, 86, 16, 20, 0, 0, 2.39%, 0, 0, 5, 4.01
1500353081, 86, 17, 20, 0, 0, 2.39%, 0, 0, 5, 4.06
1500353163, 87, 16, 20, 0, 0, 2.39%, 0, 0, 5, 3.87
1500353178, 88, 5, 20, 0, 0, 2.39%, 0, 0, 5, 3.97
1500353239, 88, 16, 20, 0, 0, 2.39%, 0, 0, 5, 3.94
1500353254, 88, 18, 20, 0, 0, 2.39%, 0, 0, 5, 3.92
1500353398, 89, 11, 20, 0, 0, 2.39%, 0, 0, 5, 4.01
1500353459, 89, 16, 20, 0, 0, 2.39%, 0, 0, 5, 3.96
1500353469, 90, 16, 20, 0, 0, 2.39%, 0, 0, 5, 3.99
1500353485, 91, 16, 20, 0, 0, 2.39%, 0, 0, 5, 3.97
1500353495, 91, 17, 20, 0, 0, 2.39%, 0, 0, 5, 3.97
1500353577, 92, 6, 20, 0, 0, 2.39%, 0, 0, 5, 3.90
1500353648, 92, 16, 20, 0, 0, 2.39%, 0, 0, 5, 4.00
1500353658, 93, 16, 20, 0, 0, 2.39%, 0, 0, 5, 3.99
1500353673, 93, 18, 20, 0, 0, 2.39%, 0, 0, 5, 4.02
1500353822, 94, 16, 20, 0, 0, 2.39%, 0, 0, 5, 3.98
1500353832, 95, 16, 20, 0, 0, 2.39%, 0, 0, 5, 3.93
1500353848, 96, 16, 20, 0, 0, 2.39%, 0, 0, 5, 3.85
1500353858, 97, 1, 20, 0, 0, 2.39%, 0, 0, 5, 3.95
1500353924, 97, 4, 20, 0, 0, 2.39%, 0, 0, 5, 3.94
1500353990, 97, 16, 20, 0, 0, 2.39%, 0, 0, 5, 4.03
1500354001, 98, 6, 20, 0, 0, 2.39%, 0, 0, 5, 3.98
1500354046, 98, 6, 21, 1, 0, 2.39%, 0, 0, 5, 3.89
1500354077, 98, 7, 21, 1, 0, 2.39%, 0, 0, 5, 3.95
1500354087, 98, 14, 21, 1, 0, 2.39%, 0, 0, 5, 4.01
1500354153, 98, 16, 21, 1, 0, 2.39%, 0, 0, 5, 4.09
1500354163, 99, 16, 21, 1, 0, 2.39%, 0, 0, 5, 3.95
1500354179, 100, 3, 21, 1, 0, 2.39%, 0, 0, 5, 3.90
1500354245, 100, 16, 21, 1, 0, 2.39%, 0, 0, 5, 3.97
1500354261, 101, 6, 21, 1, 0, 2.39%, 0, 0, 5, 3.95
1500354312, 101, 16, 21, 1, 0, 2.39%, 0, 0, 5, 4.01
1500354327, 101, 20, 21, 1, 0, 2.39%, 0, 0, 5, 3.96
1500354475, 102, 4, 21, 0, 0, 2.39%, 0, 0, 5, 3.88
1500354542, 102, 16, 21, 0, 0, 2.39%, 0, 0, 5, 3.91
1500354552, 103, 16, 21, 0, 0, 2.39%, 0, 0, 5, 3.93
1500354567, 104, 2, 22, 1, 0, 2.39%, 0, 0, 5, 3.99
1500354639, 104, 16, 22, 1, 0, 2.39%, 0, 0, 5, 3.98
1500354649, 105, 16, 22, 1, 0, 2.39%, 0, 0, 5, 3.99
1500354665, 105, 16, 23, 2, 0, 2.39%, 0, 0, 6, 4.02
1500354680, 105, 22, 23, 2, 0, 2.39%, 0, 0, 6, 3.97
1500354731, 106, 16, 23, 1, 0, 2.39%, 0, 0, 6, 3.99
1500354746, 107, 16, 23, 1, 0, 2.39%, 0, 0, 6, 3.97
1500354756, 108, 2, 23, 1, 0, 2.39%, 0, 0, 6, 3.97
1500354823, 108, 16, 23, 1, 0, 2.39%, 0, 0, 6, 3.82
1500354833, 109, 16, 23, 1, 0, 2.39%, 0, 0, 6, 3.97
1500354848, 109, 21, 23, 1, 0, 2.39%, 0, 0, 6, 3.86
1500354920, 110, 16, 23, 0, 0, 2.39%, 0, 0, 6, 3.91
1500354930, 111, 16, 23, 0, 0, 2.39%, 0, 0, 6, 4.15
1500354946, 112, 16, 23, 0, 0, 2.39%, 0, 0, 6, 3.91
1500354956, 113, 16, 23, 0, 0, 2.39%, 0, 0, 6, 3.94
1500354971, 114, 16, 23, 0, 0, 2.39%, 0, 0, 6, 3.98
1500354981, 114, 17, 23, 0, 0, 2.39%, 0, 0, 6, 3.96
1500355063, 114, 22, 23, 0, 0, 2.39%, 0, 0, 6, 3.86
1500355114, 115, 16, 23, 0, 0, 2.39%, 0, 0, 6, 3.96
1500355124, 116, 2, 23, 0, 0, 2.39%, 0, 0, 6, 3.82
1500355191, 116, 6, 23, 0, 0, 2.39%, 0, 0, 6, 3.98
1500355248, 116, 16, 23, 0, 0, 2.39%, 0, 0, 6, 3.91
1500355263, 117, 16, 23, 0, 0, 2.39%, 0, 0, 6, 3.91
1500355273, 118, 4, 23, 0, 0, 2.39%, 0, 0, 6, 3.97
1500355340, 118, 16, 23, 0, 0, 2.39%, 0, 0, 6, 3.98
1500355355, 119, 16, 23, 0, 0, 2.39%, 0, 0, 6, 3.97
1500355365, 120, 3, 23, 0, 0, 2.39%, 0, 0, 6, 4.04
1500355390, 120, 3, 24, 1, 0, 2.39%, 0, 0, 6, 4.05
1500355431, 120, 4, 24, 1, 0, 2.39%, 0, 0, 6, 3.96
1500355488, 120, 16, 24, 1, 0, 2.39%, 0, 0, 6, 3.90
1500355498, 120, 21, 24, 1, 0, 2.39%, 0, 0, 6, 4.05
1500355575, 121, 16, 24, 1, 0, 2.39%, 0, 0, 6, 3.90
1500355585, 121, 23, 24, 1, 0, 2.39%, 0, 0, 6, 3.98
1500355611, 121, 23, 24, 0, 0, 2.39%, 0, 0, 6, 3.89
1500355616, 122, 8, 24, 0, 0, 2.39%, 0, 0, 6, 3.95
1500355677, 122, 16, 24, 0, 0, 2.39%, 0, 0, 6, 4.08
1500355687, 123, 16, 24, 0, 0, 2.39%, 0, 0, 6, 3.96
1500355703, 123, 23, 24, 0, 0, 2.39%, 0, 0, 6, 3.95
1500355728, 124, 10, 24, 0, 0, 2.39%, 0, 0, 6, 3.97
1500355738, 124, 16, 24, 0, 0, 2.39%, 0, 0, 6, 3.97
1500355754, 124, 21, 24, 0, 0, 2.39%, 0, 0, 6, 4.03
1500355836, 125, 16, 24, 0, 0, 2.39%, 0, 0, 6, 3.99
1500355846, 126, 16, 24, 0, 0, 2.39%, 0, 0, 6, 3.98
1500355861, 127, 16, 24, 0, 0, 2.39%, 0, 0, 6, 3.95
1500355876, 127, 23, 24, 0, 0, 2.39%, 0, 0, 6, 3.95
1500355897, 128, 16, 24, 0, 0, 2.39%, 0, 0, 6, 4.05
1500355912, 129, 1, 24, 0, 0, 2.39%, 0, 0, 6, 3.98
1500355969, 129, 16, 24, 0, 0, 2.39%, 0, 0, 6, 3.91
1500355979, 130, 16, 24, 0, 0, 2.39%, 0, 0, 6, 3.98
1500355994, 131, 3, 24, 0, 0, 2.39%, 0, 0, 6, 4.02
1500356050, 131, 16, 24, 0, 0, 2.39%, 0, 0, 6, 4.01
1500356065, 132, 16, 24, 0, 0, 2.39%, 0, 0, 6, 3.97
1500356076, 132, 19, 24, 0, 0, 2.39%, 0, 0, 6, 3.95
1500356157, 132, 21, 24, 0, 0, 2.39%, 0, 0, 6, 4.01
1500356239, 133, 16, 24, 0, 0, 2.39%, 0, 0, 6, 3.99
1500356254, 134, 3, 24, 0, 0, 2.39%, 0, 0, 6, 4.02
1500356311, 134, 9, 24, 0, 0, 2.39%, 0, 0, 6, 4.02
1500356377, 134, 16, 24, 0, 0, 2.39%, 0, 0, 6, 4.03
1500356387, 134, 19, 24, 0, 0, 2.39%, 0, 0, 6, 3.99
1500356469, 135, 9, 24, 0, 0, 2.39%, 0, 0, 6, 3.94
1500356535, 135, 16, 24, 0, 0, 2.39%, 0, 0, 6, 3.94
1500356546, 136, 8, 24, 0, 0, 2.39%, 0, 0, 6, 4.02
1500356612, 136, 16, 24, 0, 0, 2.39%, 0, 0, 6, 3.94
1500356622, 137, 16, 24, 0, 0, 2.39%, 0, 0, 6, 3.98
1500356638, 138, 5, 25, 1, 0, 2.39%, 0, 0, 6, 4.01
1500356714, 138, 16, 25, 1, 0, 2.39%, 0, 0, 6, 4.10
1500356724, 139, 16, 25, 1, 0, 2.39%, 0, 0, 6, 3.94
1500356739, 140, 14, 25, 1, 0, 2.39%, 0, 0, 6, 3.97
1500356801, 140, 16, 25, 1, 0, 2.39%, 0, 0, 6, 3.84
1500356811, 140, 19, 25, 1, 0, 2.39%, 0, 0, 6, 3.98
1500356898, 141, 16, 25, 1, 0, 2.39%, 0, 0, 6, 4.07
1500356908, 142, 13, 25, 1, 0, 2.39%, 0, 0, 6, 4.03
1500356944, 142, 13, 26, 2, 0, 2.39%, 0, 0, 6, 4.01
1500356975, 142, 16, 26, 2, 0, 2.39%, 0, 0, 6, 4.01
1500356985, 143, 4, 26, 2, 0, 2.39%, 0, 0, 6, 3.93
1500357051, 143, 16, 26, 2, 0, 2.39%, 0, 0, 6, 3.94
1500357061, 143, 24, 26, 2, 0, 2.39%, 0, 0, 6, 4.02
1500357149, 144, 4, 26, 1, 0, 2.39%, 0, 0, 6, 3.96
1500357215, 144, 16, 26, 1, 0, 2.39%, 0, 0, 6, 3.98
1500357225, 144, 20, 26, 1, 0, 2.39%, 0, 0, 6, 3.99
1500357368, 145, 12, 26, 1, 0, 2.39%, 0, 0, 6, 3.93
1500357378, 145, 16, 26, 1, 0, 2.39%, 0, 0, 6, 4.00
1500357394, 146, 2, 26, 1, 0, 2.39%, 0, 0, 6, 4.01
1500357460, 146, 16, 26, 1, 0, 2.39%, 0, 0, 6, 3.96
1500357470, 146, 22, 26, 1, 0, 2.39%, 0, 0, 6, 4.00
1500357521, 147, 1, 26, 1, 0, 2.39%, 0, 0, 6, 3.95
1500357588, 147, 16, 26, 1, 0, 2.39%, 0, 0, 6, 3.96
1500357604, 148, 6, 26, 1, 0, 2.39%, 0, 0, 6, 3.99
1500357665, 148, 16, 26, 1, 0, 2.39%, 0, 0, 6, 3.91
1500357680, 149, 1, 26, 1, 0, 2.39%, 0, 0, 6, 4.01
1500357746, 149, 15, 26, 1, 0, 2.39%, 0, 0, 6, 3.94
1500357833, 149, 16, 26, 1, 0, 2.39%, 0, 0, 6, 4.03
1500357849, 150, 10, 26, 1, 0, 2.39%, 0, 0, 6, 3.91
1500357859, 150, 16, 26, 1, 0, 2.39%, 0, 0, 6, 3.90
1500357874, 150, 17, 26, 1, 0, 2.39%, 0, 0, 6, 4.02
1500357962, 150, 20, 26, 1, 0, 2.39%, 0, 0, 6, 3.98
1500358105, 151, 4, 26, 1, 0, 2.39%, 0, 0, 6, 4.03
1500358162, 151, 16, 26, 1, 0, 2.39%, 0, 0, 6, 3.99
1500358177, 152, 6, 26, 1, 0, 2.39%, 0, 0, 6, 3.90
1500358244, 152, 16, 26, 1, 0, 2.39%, 0, 0, 6, 3.95
1500358259, 153, 12, 26, 1, 0, 2.39%, 0, 0, 6, 3.97
1500358269, 153, 16, 26, 1, 0, 2.39%, 0, 0, 6, 3.99
1500358285, 154, 13, 26, 1, 0, 2.39%, 0, 0, 6, 3.99
1500358346, 154, 16, 26, 1, 0, 2.39%, 0, 0, 6, 3.99
1500358362, 155, 0, 26, 1, 0, 2.39%, 0, 0, 6, 3.92
1500358428, 155, 16, 26, 1, 0, 2.39%, 0, 0, 6, 3.96
1500358438, 155, 25, 26, 1, 0, 2.39%, 0, 0, 6, 4.01
1500358795, 156, 3, 26, 0, 0, 2.39%, 0, 0, 6, 3.92
1500358861, 156, 5, 26, 0, 0, 2.39%, 0, 0, 6, 3.94
1500358928, 156, 16, 26, 0, 0, 2.39%, 0, 0, 6, 3.90
1500358943, 156, 17, 26, 0, 0, 2.39%, 0, 0, 6, 4.05
1500359030, 157, 11, 26, 0, 0, 2.39%, 0, 0, 6, 3.97
1500359091, 157, 16, 26, 0, 0, 2.39%, 0, 0, 6, 4.01
1500359101, 158, 0, 26, 0, 0, 2.39%, 0, 0, 6, 3.98
1500359112, 158, 0, 27, 1, 0, 2.39%, 0, 0, 6, 3.93
1500359178, 158, 4, 27, 1, 0, 2.39%, 0, 0, 6, 3.97
1500359240, 158, 16, 27, 1, 0, 2.39%, 0, 0, 6, 4.15
1500359255, 158, 22, 27, 1, 0, 2.39%, 0, 0, 6, 3.95
1500359306, 159, 16, 27, 1, 0, 2.39%, 0, 0, 6, 3.96
1500359316, 160, 5, 27, 1, 0, 2.39%, 0, 0, 6, 4.02
1500359383, 160, 16, 27, 1, 0, 2.39%, 0, 0, 6, 3.95
1500359398, 160, 18, 27, 1, 0, 2.39%, 0, 0, 6, 4.03
1500359536, 161, 8, 27, 1, 0, 2.39%, 0, 0, 6, 4.01
1500359607, 161, 16, 27, 1, 0, 2.39%, 0, 0, 6, 3.93
1500359618, 162, 16, 27, 1, 0, 2.39%, 0, 0, 6, 3.99
1500359633, 163, 16, 27, 1, 0, 2.39%, 0, 0, 6, 3.93
1500359643, 164, 16, 27, 1, 0, 2.39%, 0, 0, 6, 4.00
1500359658, 165, 0, 27, 1, 0, 2.39%, 0, 0, 6, 4.02
1500359724, 165, 12, 27, 1, 0, 2.39%, 0, 0, 6, 4.00
1500359735, 165, 16, 27, 1, 0, 2.39%, 0, 0, 6, 4.08
1500359750, 165, 26, 27, 1, 0, 2.39%, 0, 0, 6, 4.04
1500359837, 166, 10, 27, 0, 0, 2.39%, 0, 0, 6, 3.96
1500359852, 166, 16, 27, 0, 0, 2.39%, 0, 0, 6, 4.00
1500359863, 166, 17, 27, 0, 0, 2.39%, 0, 0, 6, 3.99
1500359944, 167, 16, 27, 0, 0, 2.39%, 0, 0, 6, 3.94
1500359954, 168, 6, 27, 0, 0, 2.39%, 0, 0, 6, 3.97
1500360021, 168, 16, 27, 0, 0, 2.39%, 0, 0, 6, 3.93
1500360031, 169, 16, 27, 0, 0, 2.39%, 0, 0, 6, 4.00
1500360047, 170, 16, 27, 0, 0, 2.39%, 0, 0, 6, 4.08
1500360057, 170, 25, 27, 0, 0, 2.39%, 0, 0, 6, 3.95
1500360139, 171, 16, 27, 0, 0, 2.39%, 0, 0, 6, 4.05
1500360155, 172, 16, 27, 0, 0, 2.39%, 0, 0, 6, 3.95
1500360165, 172, 20, 27, 0, 0, 2.39%, 0, 0, 6, 3.90
1500360298, 172, 26, 27, 0, 0, 2.39%, 0, 0, 6, 3.87
1500360385, 173, 16, 27, 0, 0, 2.39%, 0, 0, 6, 4.00
1500360400, 174, 16, 27, 0, 0, 2.39%, 0, 0, 6, 3.87
1500360410, 175, 16, 27, 0, 0, 2.39%, 0, 0, 6, 3.95
1500360425, 175, 18, 27, 0, 0, 2.39%, 0, 0, 6, 3.96
1500360574, 175, 21, 27, 0, 0, 2.39%, 0, 0, 6, 3.97
1500360661, 176, 0, 27, 0, 0, 2.39%, 0, 0, 6, 3.96
1500360717, 176, 2, 27, 0, 0, 2.39%, 0, 0, 6, 3.93
1500360788, 176, 16, 27, 0, 0, 2.39%, 0, 0, 6, 3.84
1500360799, 176, 18, 27, 0, 0, 2.39%, 0, 0, 6, 4.00
1500360947, 176, 19, 27, 0, 0, 2.39%, 0, 0, 6, 3.99
1500361024, 176, 19, 28, 1, 0, 2.39%, 0, 0, 6, 3.95
1500361039, 176, 20, 28, 1, 0, 2.39%, 0, 0, 6, 3.95
1500361187, 177, 5, 28, 1, 0, 2.39%, 0, 0, 6, 4.00
1500361253, 177, 16, 28, 1, 0, 2.39%, 0, 0, 6, 3.99
1500361263, 177, 24, 28, 1, 0, 2.39%, 0, 0, 6, 3.96
1500361345, 178, 4, 28, 1, 0, 2.39%, 0, 0, 6, 3.96
1500361406, 178, 16, 28, 1, 0, 2.39%, 0, 0, 6, 4.00
1500361416, 179, 11, 28, 1, 0, 2.39%, 0, 0, 6, 3.97
1500361493, 179, 16, 28, 1, 0, 2.39%, 0, 0, 6, 4.03
1500361503, 180, 16, 28, 1, 0, 2.39%, 0, 0, 6, 4.07
1500361519, 181, 16, 28, 1, 0, 2.39%, 0, 0, 6, 3.93
1500361529, 181, 21, 28, 1, 0, 2.39%, 0, 0, 6, 3.99
1500361616, 181, 27, 28, 1, 0, 2.39%, 0, 0, 6, 3.95
1500361763, 182, 13, 28, 0, 0, 2.39%, 0, 0, 6, 4.13
1500361830, 182, 16, 28, 0, 0, 2.39%, 0, 0, 6, 4.04
1500361845, 182, 27, 28, 0, 0, 2.39%, 0, 0, 6, 4.08
1500361994, 183, 10, 28, 0, 0, 2.39%, 0, 0, 6, 4.02
1500362004, 183, 13, 28, 0, 0, 2.39%, 0, 0, 6, 3.99
1500362070, 183, 16, 28, 0, 0, 2.39%, 0, 0, 6, 3.95
1500362086, 184, 4, 28, 0, 0, 2.39%, 0, 0, 6, 4.00
1500362152, 184, 16, 28, 0, 0, 2.39%, 0, 0, 6, 3.97
1500362163, 184, 19, 28, 0, 0, 2.39%, 0, 0, 6, 3.97
1500362250, 184, 23, 28, 0, 0, 2.39%, 0, 0, 6, 4.04
1500362275, 185, 16, 28, 0, 0, 2.39%, 0, 0, 6, 4.03
1500362291, 186, 8, 28, 0, 0, 2.39%, 0, 0, 6, 3.98
1500362358, 186, 9, 28, 0, 0, 2.39%, 0, 0, 6, 4.09
1500362419, 186, 16, 28, 0, 0, 2.39%, 0, 0, 6, 3.99
1500362430, 186, 21, 28, 0, 0, 2.39%, 0, 0, 6, 4.06
1500362512, 187, 5, 28, 0, 0, 2.39%, 0, 0, 6, 3.89
1500362578, 187, 16, 28, 0, 0, 2.39%, 0, 0, 6, 4.01
1500362594, 187, 23, 28, 0, 0, 2.39%, 0, 0, 6, 3.99
1500362619, 188, 2, 28, 0, 0, 2.39%, 0, 0, 6, 3.90
1500362686, 188, 16, 28, 0, 0, 2.39%, 0, 0, 6, 4.02
1500362701, 188, 24, 28, 0, 0, 2.39%, 0, 0, 6, 3.96
1500362788, 189, 7, 28, 0, 0, 2.39%, 0, 0, 6, 3.99
1500362793, 189, 16, 28, 0, 0, 2.39%, 0, 0, 6, 3.98
1500362803, 189, 23, 28, 0, 0, 2.39%, 0, 0, 6, 3.97
1500362833, 190, 5, 28, 0, 0, 2.39%, 0, 0, 6, 4.02
1500362895, 190, 16, 28, 0, 0, 2.39%, 0, 0, 6, 3.92
1500362906, 191, 16, 28, 0, 0, 2.39%, 0, 0, 6, 4.01
1500362921, 191, 24, 28, 0, 0, 2.39%, 0, 0, 6, 3.94
1500363003, 192, 16, 28, 0, 0, 2.39%, 0, 0, 6, 3.89
1500363018, 193, 0, 28, 0, 0, 2.39%, 0, 0, 6, 3.89
1500363079, 193, 1, 28, 0, 0, 2.39%, 0, 0, 6, 3.97
1500363146, 193, 13, 28, 0, 0, 2.39%, 0, 0, 6, 4.01
1500363208, 193, 16, 28, 0, 0, 2.39%, 0, 0, 6, 3.92
1500363218, 194, 5, 28, 0, 0, 2.39%, 0, 0, 6, 3.93
1500363285, 194, 6, 28, 0, 0, 2.39%, 0, 0, 6, 4.00
1500363346, 194, 16, 28, 0, 0, 2.39%, 0, 0, 6, 4.02
1500363356, 194, 26, 28, 0, 0, 2.39%, 0, 0, 6, 4.00
1500363443, 195, 16, 28, 0, 0, 2.39%, 0, 0, 6, 4.00
1500363458, 195, 24, 28, 0, 0, 2.39%, 0, 0, 6, 3.99
1500363545, 196, 16, 28, 0, 0, 2.39%, 0, 0, 6, 4.02
1500363555, 197, 16, 28, 0, 0, 2.39%, 0, 0, 6, 3.97
1500363571, 198, 16, 28, 0, 0, 2.39%, 0, 0, 6, 3.93
1500363581, 198, 26, 28, 0, 0, 2.39%, 0, 0, 6, 3.97
1500363663, 199, 9, 28, 0, 0, 2.39%, 0, 0, 6, 3.98
1500363724, 199, 16, 28, 0, 0, 2.39%, 0, 0, 6, 3.96
1500363739, 200, 10, 28, 0, 0, 2.39%, 0, 0, 6, 3.92
1500363749, 200, 12, 28, 0, 0, 2.39%, 0, 0, 6, 4.03
1500363765, 200, 16, 28, 0, 0, 2.39%, 0, 0, 6, 4.01
1500363775, 201, 16, 28, 0, 0, 2.39%, 0, 0, 6, 3.96
1500363790, 202, 1, 28, 0, 0, 2.39%, 0, 0, 6, 3.90
1500363857, 202, 3, 28, 0, 0, 2.39%, 0, 0, 6, 4.14
1500363924, 202, 6, 28, 0, 0, 2.39%, 0, 0, 6, 3.94
1500363991, 202, 16, 28, 0, 0, 2.39%, 0, 0, 6, 3.97
1500364001, 202, 22, 28, 0, 0, 2.39%, 0, 0, 6, 3.93
1500364052, 202, 27, 28, 0, 0, 2.39%, 0, 0, 6, 3.99
1500364201, 203, 7, 28, 0, 0, 2.39%, 0, 0, 6, 3.94
1500364206, 203, 16, 28, 0, 0, 2.39%, 0, 0, 6, 3.91
1500364221, 204, 16, 28, 0, 0, 2.39%, 0, 0, 6, 3.96
1500364236, 205, 16, 28, 0, 0, 2.39%, 0, 0, 6, 4.01
1500364246, 205, 25, 28, 0, 0, 2.39%, 0, 0, 6, 3.96
1500364328, 206, 16, 28, 0, 0, 2.39%, 0, 0, 6, 3.92
1500364344, 207, 16, 28, 0, 0, 2.39%, 0, 0, 6, 4.00
1500364354, 208, 0, 28, 0, 0, 2.39%, 0, 0, 6, 3.95
1500364421, 208, 8, 28, 0, 0, 2.39%, 0, 0, 6, 3.92
1500364492, 208, 16, 28, 0, 0, 2.39%, 0, 0, 6, 3.91
1500364503, 208, 22, 28, 0, 0, 2.39%, 0, 0, 6, 3.97
1500364553, 209, 6, 28, 0, 0, 2.39%, 0, 0, 6, 3.99
1500364625, 209, 7, 28, 0, 0, 2.39%, 0, 0, 6, 3.93
1500364630, 209, 16, 28, 0, 0, 2.39%, 0, 0, 6, 3.82
1500364640, 209, 19, 28, 0, 0, 2.39%, 0, 0, 6, 3.97
1500364727, 209, 23, 28, 0, 0, 2.39%, 0, 0, 6, 3.93
1500364752, 210, 16, 28, 0, 0, 2.39%, 0, 0, 6, 3.86
1500364762, 210, 21, 28, 0, 0, 2.39%, 0, 0, 6, 3.97
1500364850, 211, 3, 28, 0, 0, 2.39%, 0, 0, 6, 4.00
1500364916, 211, 16, 28, 0, 0, 2.39%, 0, 0, 6, 3.97
1500364931, 212, 1, 28, 0, 0, 2.39%, 0, 0, 6, 3.88
1500364941, 212, 1, 29, 1, 0, 2.39%, 0, 0, 6, 4.02
1500365009, 212, 6, 29, 1, 0, 2.39%, 0, 0, 6, 3.98
1500365075, 212, 10, 29, 1, 0, 2.39%, 0, 0, 6, 3.93
1500365086, 212, 16, 29, 1, 0, 2.39%, 0, 0, 6, 4.00
1500365101, 213, 16, 29, 1, 0, 2.39%, 0, 0, 6, 3.97
1500365112, 214, 16, 29, 1, 0, 2.39%, 0, 0, 6, 4.00
1500365127, 215, 0, 29, 1, 0, 2.39%, 0, 0, 6, 3.96
1500365193, 215, 16, 29, 1, 0, 2.39%, 0, 0, 6, 3.99
1500365208, 215, 28, 29, 1, 0, 2.39%, 0, 0, 6, 3.97
1500365295, 216, 16, 29, 0, 0, 2.39%, 0, 0, 6, 3.91
1500365305, 217, 0, 29, 0, 0, 2.39%, 0, 0, 6, 3.94
1500365377, 217, 6, 29, 0, 0, 2.39%, 0, 0, 6, 4.00
1500365438, 217, 10, 29, 0, 0, 2.39%, 0, 0, 6, 3.92
1500365448, 217, 16, 29, 0, 0, 2.39%, 0, 0, 6, 4.03
1500365464, 218, 16, 29, 0, 0, 2.39%, 0, 0, 6, 3.95
1500365474, 219, 16, 29, 0, 0, 2.39%, 0, 0, 6, 3.95
1500365489, 219, 18, 29, 0, 0, 2.39%, 0, 0, 6, 4.18
1500365616, 219, 22, 29, 0, 0, 2.39%, 0, 0, 6, 3.95
1500365668, 219, 23, 29, 0, 0, 2.39%, 0, 0, 6, 3.99
1500365693, 219, 26, 29, 0, 0, 2.39%, 0, 0, 6, 3.95
1500365781, 220, 16, 29, 0, 0, 2.39%, 0, 0, 6, 3.90
1500365796, 221, 16, 29, 0, 0, 2.39%, 0, 0, 6, 3.97
1500365806, 221, 20, 29, 0, 0, 2.39%, 0, 0, 6, 3.99
1500365955, 222, 2, 29, 0, 0, 2.39%, 0, 0, 6, 3.96
1500366021, 222, 12, 29, 0, 0, 2.39%, 0, 0, 6, 3.98
1500366036, 222, 13, 29, 0, 0, 2.39%, 0, 0, 6, 3.93
1500366097, 222, 16, 29, 0, 0, 2.39%, 0, 0, 6, 3.90
1500366108, 223, 3, 29, 0, 0, 2.39%, 0, 0, 6, 3.96
1500366174, 223, 8, 29, 0, 0, 2.39%, 0, 0, 6, 4.10
1500366240, 223, 16, 29, 0, 0, 2.39%, 0, 0, 6, 4.00
1500366256, 224, 6, 29, 0, 0, 2.39%, 0, 0, 6, 3.98
1500366322, 224, 16, 29, 0, 0, 2.39%, 0, 0, 6, 3.97
1500366338, 224, 18, 29, 0, 0, 2.39%, 0, 0, 6, 3.87
1500366476, 225, 5, 29, 0, 0, 2.39%, 0, 0, 6, 3.97
1500366542, 225, 10, 29, 0, 0, 2.39%, 0, 0, 6, 4.01
1500366558, 225, 16, 29, 0, 0, 2.39%, 0, 0, 6, 3.98
1500366568, 226, 14, 29, 0, 0, 2.39%, 0, 0, 6, 3.93
1500366630, 226, 16, 29, 0, 0, 2.39%, 0, 0, 6, 3.92
1500366645, 226, 25, 29, 0, 0, 2.39%, 0, 0, 6, 3.92
1500366727, 227, 2, 29, 0, 0, 2.39%, 0, 0, 6, 4.01
1500366788, 227, 16, 29, 0, 0, 2.39%, 0, 0, 6, 3.96
1500366803, 228, 9, 29, 0, 0, 2.39%, 0, 0, 6, 3.98
1500366870, 228, 16, 29, 0, 0, 2.39%, 0, 0, 6, 3.99
1500366885, 228, 18, 29, 0, 0, 2.39%, 0, 0, 6, 3.97
1500367028, 228, 28, 29, 0, 0, 2.39%, 0, 0, 6, 3.93
1500367110, 229, 0, 29, 0, 0, 2.39%, 0, 0, 6, 3.99
1500367176, 229, 2, 29, 0, 0, 2.39%, 0, 0, 6, 4.02
1500367242, 229, 5, 29, 0, 0, 2.39%, 0, 0, 6, 3.92
1500367308, 229, 9, 29, 0, 0, 2.39%, 0, 0, 6, 4.00
1500367370, 229, 16, 29, 0, 0, 2.39%, 0, 0, 6, 3.98
1500367380, 229, 27, 29, 0, 0, 2.39%, 0, 0, 6, 4.00
1500367529, 230, 11, 29, 0, 0, 2.39%, 0, 0, 6, 3.97
1500367534, 230, 11, 30, 1, 0, 2.39%, 0, 0, 6, 3.99
1500367626, 230, 16, 30, 1, 0, 2.39%, 0, 0, 6, 3.96
1500367636, 231, 16, 30, 1, 0, 2.39%, 0, 0, 6, 3.95
1500367652, 232, 16, 30, 1, 0, 2.39%, 0, 0, 6, 4.00
1500367662, 232, 18, 30, 1, 0, 2.39%, 0, 0, 6, 3.88
1500367805, 233, 9, 30, 1, 0, 2.39%, 0, 0, 6, 3.90
1500367872, 233, 11, 30, 1, 0, 2.39%, 0, 0, 6, 3.84
1500367929, 233, 16, 30, 1, 0, 2.39%, 0, 0, 6, 3.93
1500367944, 233, 18, 30, 1, 0, 2.39%, 0, 0, 6, 3.96
1500368082, 233, 24, 30, 1, 0, 2.39%, 0, 0, 6, 3.91
1500368169, 233, 29, 30, 1, 0, 2.39%, 0, 0, 6, 3.96
1500368184, 233, 29, 31, 2, 0, 2.39%, 0, 0, 7, 4.02
1500368363, 234, 3, 31, 1, 0, 2.39%, 0, 0, 7, 3.98
1500368424, 234, 10, 31, 1, 0, 2.39%, 0, 0, 7, 3.97
1500368435, 234, 16, 31, 1, 0, 2.39%, 0, 0, 7, 4.11
1500368450, 234, 17, 31, 1, 0, 2.39%, 0, 0, 7, 3.96
1500368537, 234, 25, 31, 1, 0, 2.39%, 0, 0, 7, 3.99
1500368619, 235, 5, 31, 1, 0, 2.39%, 0, 0, 7, 3.96
1500368685, 235, 6, 31, 1, 0, 2.39%, 0, 0, 7, 4.00
1500368751, 235, 16, 31, 1, 0, 2.39%, 0, 0, 7, 3.92
1500368761, 236, 2, 31, 1, 0, 2.39%, 0, 0, 7, 3.97
1500368823, 236, 14, 31, 1, 0, 2.39%, 0, 0, 7, 3.97
1500368889, 236, 16, 31, 1, 0, 2.39%, 0, 0, 7, 3.99
1500368904, 237, 16, 31, 1, 0, 2.39%, 0, 0, 7, 3.98
1500368915, 237, 18, 31, 1, 0, 2.39%, 0, 0, 7, 4.08
1500368945, 237, 18, 32, 2, 0, 2.39%, 0, 0, 7, 3.96
1500369104, 237, 22, 32, 2, 0, 2.39%, 0, 0, 7, 3.99
1500369155, 237, 25, 32, 2, 0, 2.39%, 0, 0, 7, 3.96
1500369241, 237, 30, 32, 2, 0, 2.39%, 0, 0, 7, 3.97
1500369390, 238, 16, 32, 1, 0, 2.39%, 0, 0, 7, 4.00
1500369405, 238, 31, 32, 1, 0, 2.39%, 0, 0, 7, 3.92
1500369553, 239, 16, 32, 0, 0, 2.39%, 0, 0, 7, 3.95
1500369563, 240, 7, 32, 0, 0, 2.39%, 0, 0, 7, 3.99
1500369573, 240, 16, 32, 0, 0, 2.39%, 0, 0, 7, 3.86
1500369584, 241, 16, 32, 0, 0, 2.39%, 0, 0, 7, 3.97
1500369599, 241, 31, 32, 0, 0, 2.39%, 0, 0, 7, 3.93
1500369732, 242, 16, 32, 0, 0, 2.39%, 0, 0, 7, 3.92
1500369747, 243, 16, 32, 0, 0, 2.39%, 0, 0, 7, 3.99
1500369757, 243, 28, 32, 0, 0, 2.39%, 0, 0, 7, 3.92
1500369844, 244, 16, 32, 0, 0, 2.39%, 0, 0, 7, 3.94
1500369860, 244, 22, 32, 0, 0, 2.39%, 0, 0, 7, 3.87
1500369911, 245, 6, 32, 0, 0, 2.39%, 0, 0, 7, 3.99
1500369961, 245, 8, 32, 0, 0, 2.39%, 0, 0, 7, 3.94
1500370028, 245, 16, 32, 0, 0, 2.39%, 0, 0, 7, 3.85
1500370038, 246, 15, 32, 0, 0, 2.39%, 0, 0, 7, 3.98
1500370125, 246, 16, 32, 0, 0, 2.39%, 0, 0, 7, 4.00
1500370141, 246, 19, 32, 0, 0, 2.39%, 0, 0, 7, 4.01
1500370228, 247, 1, 32, 0, 0, 2.39%, 0, 0, 7, 3.99
1500370294, 247, 16, 32, 0, 0, 2.39%, 0, 0, 7, 3.97
1500370305, 247, 22, 32, 0, 0, 2.39%, 0, 0, 7, 3.88
1500370356, 248, 16, 32, 0, 0, 2.39%, 0, 0, 7, 3.95
1500370371, 248, 27, 32, 0, 0, 2.39%, 0, 0, 7, 4.02
1500370515, 249, 16, 32, 0, 0, 2.39%, 0, 0, 7, 4.00
1500370530, 249, 23, 32, 0, 0, 2.39%, 0, 0, 7, 3.96
1500370556, 250, 16, 32, 0, 0, 2.39%, 0, 0, 7, 3.90
1500370571, 250, 31, 32, 0, 0, 2.39%, 0, 0, 7, 3.86
1500370709, 251, 16, 32, 0, 0, 2.39%, 0, 0, 7, 3.95
1500370725, 251, 28, 32, 0, 0, 2.39%, 0, 0, 7, 3.90
1500370802, 252, 16, 32, 0, 0, 2.39%, 0, 0, 7, 3.94
1500370818, 253, 3, 32, 0, 0, 2.39%, 0, 0, 7, 3.95
1500370884, 253, 6, 32, 0, 0, 2.39%, 0, 0, 7, 3.98
1500370945, 253, 16, 32, 0, 0, 2.39%, 0, 0, 7, 3.98
1500370960, 254, 10, 32, 0, 0, 2.39%, 0, 0, 7, 3.93
1500370971, 254, 13, 32, 0, 0, 2.39%, 0, 0, 7, 4.02
1500371032, 254, 16, 32, 0, 0, 2.39%, 0, 0, 7, 4.01
1500371047, 255, 16, 32, 0, 0, 2.39%, 0, 0, 7, 3.94
1500371058, 255, 19, 32, 0, 0, 2.39%, 0, 0, 7, 3.97
1500371144, 255, 23, 32, 0, 0, 2.39%, 0, 0, 7, 4.00
1500371175, 256, 1, 32, 0, 0, 2.39%, 0, 0, 7, 3.97
1500371242, 256, 16, 32, 0, 0, 2.39%, 0, 0, 7, 4.04
1500371252, 257, 4, 32, 0, 0, 2.39%, 0, 0, 7, 3.92
1500371318, 257, 15, 32, 0, 0, 2.39%, 0, 0, 7, 3.94
1500371400, 257, 16, 32, 0, 0, 2.39%, 0, 0, 7, 3.99
1500371415, 257, 25, 32, 0, 0, 2.39%, 0, 0, 7, 3.99
1500371502, 258, 2, 32, 0, 0, 2.39%, 0, 0, 7, 4.01
1500371559, 258, 16, 32, 0, 0, 2.39%, 0, 0, 7, 3.88
1500371574, 258, 18, 33, 1, 0, 2.39%, 0, 0, 7, 3.94
1500371722, 258, 26, 33, 1, 0, 2.39%, 0, 0, 7, 3.95
1500371809, 259, 14, 33, 1, 0, 2.39%, 0, 0, 7, 3.95
1500371876, 259, 16, 33, 1, 0, 2.39%, 0, 0, 7, 4.09
1500371886, 259, 18, 33, 1, 0, 2.39%, 0, 0, 7, 3.97
1500372034, 259, 25, 33, 1, 0, 2.39%, 0, 0, 7, 3.98
1500372121, 259, 32, 33, 1, 0, 2.39%, 0, 0, 7, 3.92
1500372203, 260, 11, 33, 0, 0, 2.39%, 0, 0, 7, 3.89
1500372269, 260, 16, 33, 0, 0, 2.39%, 0, 0, 7, 3.97
1500372284, 260, 30, 33, 0, 0, 2.39%, 0, 0, 7, 3.95
1500372422, 261, 16, 33, 0, 0, 2.39%, 0, 0, 7, 3.98
1500372438, 261, 22, 33, 0, 0, 2.39%, 0, 0, 7, 3.94
1500372488, 261, 29, 33, 0, 0, 2.39%, 0, 0, 7, 3.96
1500372631, 262, 16, 33, 0, 0, 2.39%, 0, 0, 7, 4.02
1500372641, 262, 23, 33, 0, 0, 2.39%, 0, 0, 7, 3.88
1500372667, 262, 28, 33, 0, 0, 2.39%, 0, 0, 7, 3.97
1500372754, 263, 16, 33, 0, 0, 2.39%, 0, 0, 7, 3.99
1500372770, 264, 16, 33, 0, 0, 2.39%, 0, 0, 7, 3.94
1500372780, 264, 23, 33, 0, 0, 2.39%, 0, 0, 7, 3.94
1500372810, 264, 24, 33, 0, 0, 2.39%, 0, 0, 7, 3.99
1500372898, 265, 2, 33, 0, 0, 2.39%, 0, 0, 7, 4.09
1500372959, 265, 7, 33, 0, 0, 2.39%, 0, 0, 7, 4.00
1500372964, 265, 16, 33, 0, 0, 2.39%, 0, 0, 7, 3.98
1500372979, 266, 16, 33, 0, 0, 2.39%, 0, 0, 7, 4.01
1500372989, 267, 16, 33, 0, 0, 2.39%, 0, 0, 7, 3.91
1500373005, 267, 24, 33, 0, 0, 2.39%, 0, 0, 7, 3.98
1500373092, 268, 11, 33, 0, 0, 2.39%, 0, 0, 7, 3.93
1500373158, 268, 16, 33, 0, 0, 2.39%, 0, 0, 7, 4.04
1500373168, 269, 3, 33, 0, 0, 2.39%, 0, 0, 7, 3.94
1500373230, 269, 16, 33, 0, 0, 2.39%, 0, 0, 7, 3.98
1500373240, 270, 9, 33, 0, 0, 2.39%, 0, 0, 7, 4.02
1500373301, 270, 16, 33, 0, 0, 2.39%, 0, 0, 7, 3.96
1500373311, 271, 16, 33, 0, 0, 2.39%, 0, 0, 7, 3.93
1500373327, 271, 17, 33, 0, 0, 2.39%, 0, 0, 7, 3.95
1500373414, 271, 26, 33, 0, 0, 2.39%, 0, 0, 7, 4.00
1500373496, 271, 31, 33, 0, 0, 2.39%, 0, 0, 7, 3.97
1500373644, 272, 16, 33, 0, 0, 2.39%, 0, 0, 7, 3.95
1500373659, 273, 12, 33, 0, 0, 2.39%, 0, 0, 7, 3.96
1500373669, 273, 16, 33, 0, 0, 2.39%, 0, 0, 7, 4.01
1500373685, 273, 17, 33, 0, 0, 2.39%, 0, 0, 7, 3.96
1500373772, 274, 16, 33, 0, 0, 2.39%, 0, 0, 7, 4.10
1500373783, 275, 14, 33, 0, 0, 2.39%, 0, 0, 7, 3.91
1500373849, 275, 16, 33, 0, 0, 2.39%, 0, 0, 7, 3.96
1500373865, 276, 16, 33, 0, 0, 2.39%, 0, 0, 7, 3.99
1500373875, 276, 18, 33, 0, 0, 2.39%, 0, 0, 7, 4.04
1500374024, 276, 23, 33, 0, 0, 2.39%, 0, 0, 7, 3.98
1500374049, 277, 11, 33, 0, 0, 2.39%, 0, 0, 7, 3.99
1500374116, 277, 12, 33, 0, 0, 2.39%, 0, 0, 7, 3.98
1500374132, 277, 16, 33, 0, 0, 2.39%, 0, 0, 7, 3.98
1500374147, 277, 29, 33, 0, 0, 2.39%, 0, 0, 7, 4.02
1500374285, 278, 13, 33, 0, 0, 2.39%, 0, 0, 7, 4.04
1500374351, 278, 16, 33, 0, 0, 2.39%, 0, 0, 7, 4.00
1500374367, 278, 18, 33, 0, 0, 2.39%, 0, 0, 7, 3.98
1500374509, 279, 16, 33, 0, 0, 2.39%, 0, 0, 7, 4.00
1500374525, 280, 16, 33, 0, 0, 2.39%, 0, 0, 7, 3.93
1500374540, 280, 31, 33, 0, 0, 2.39%, 0, 0, 7, 3.98
1500374683, 281, 16, 33, 0, 0, 2.39%, 0, 0, 7, 3.97
1500374698, 281, 27, 33, 0, 0, 2.39%, 0, 0, 7, 3.93
1500374836, 282, 16, 33, 0, 0, 2.39%, 0, 0, 7, 4.00
1500374851, 282, 26, 33, 0, 0, 2.39%, 0, 0, 7, 4.01
1500374928, 283, 16, 33, 0, 0, 2.39%, 0, 0, 7, 3.89
1500374943, 283, 27, 33, 0, 0, 2.39%, 0, 0, 7, 3.91
1500375092, 284, 16, 33, 0, 0, 2.39%, 0, 0, 7, 4.00
1500375102, 284, 32, 33, 0, 0, 2.39%, 0, 0, 7, 3.94
1500375189, 285, 3, 33, 0, 0, 2.39%, 0, 0, 7, 3.91
1500375255, 285, 16, 33, 0, 0, 2.39%, 0, 0, 7, 3.97
1500375271, 285, 22, 33, 0, 0, 2.39%, 0, 0, 7, 3.95
1500375322, 285, 25, 33, 0, 0, 2.39%, 0, 0, 7, 3.99
1500375409, 285, 27, 33, 0, 0, 2.39%, 0, 0, 7, 4.01
1500375557, 286, 9, 33, 0, 0, 2.39%, 0, 0, 7, 3.98
1500375624, 286, 15, 33, 0, 0, 2.39%, 0, 0, 7, 4.04
1500375690, 286, 16, 33, 0, 0, 2.39%, 0, 0, 7, 3.96
1500375700, 286, 22, 33, 0, 0, 2.39%, 0, 0, 7, 3.97
1500375751, 287, 13, 33, 0, 0, 2.39%, 0, 0, 7, 3.98
1500375812, 287, 16, 33, 0, 0, 2.39%, 0, 0, 7, 4.07
1500375822, 288, 9, 33, 0, 0, 2.39%, 0, 0, 7, 3.95
1500375884, 288, 9, 34, 1, 0, 2.39%, 0, 0, 7, 3.92
1500375894, 288, 16, 34, 1, 0, 2.39%, 0, 0, 7, 3.98
1500375909, 288, 21, 34, 1, 0, 2.39%, 0, 0, 7, 3.85
1500375996, 289, 8, 34, 1, 0, 2.39%, 0, 0, 7, 3.96
1500376058, 289, 16, 34, 1, 0, 2.39%, 0, 0, 7, 3.87
1500376069, 289, 33, 34, 1, 0, 2.39%, 0, 0, 7, 4.04
1500376211, 290, 10, 34, 0, 0, 2.39%, 0, 0, 7, 3.88
1500376222, 290, 16, 34, 0, 0, 2.39%, 0, 0, 7, 3.95
1500376237, 290, 18, 34, 0, 0, 2.39%, 0, 0, 7, 3.97
1500376288, 290, 18, 35, 1, 0, 2.39%, 0, 0, 7, 3.86
1500376319, 291, 6, 35, 1, 0, 2.39%, 0, 0, 7, 3.96
1500376386, 291, 16, 35, 1, 0, 2.39%, 0, 0, 7, 3.99
1500376396, 292, 0, 35, 1, 0, 2.39%, 0, 0, 7, 3.96
1500376463, 292, 16, 35, 1, 0, 2.39%, 0, 0, 7, 3.97
1500376478, 293, 16, 35, 1, 0, 2.39%, 0, 0, 7, 3.87
1500376488, 293, 22, 35, 1, 0, 2.39%, 0, 0, 7, 3.97
1500376544, 294, 16, 35, 1, 0, 2.39%, 0, 0, 7, 3.88
1500376555, 295, 16, 35, 1, 0, 2.39%, 0, 0, 7, 3.93
1500376570, 295, 29, 35, 1, 0, 2.39%, 0, 0, 7, 3.97
1500376708, 296, 16, 35, 1, 0, 2.39%, 0, 0, 7, 4.01
1500376723, 297, 6, 35, 1, 0, 2.39%, 0, 0, 7, 3.92
1500376785, 297, 16, 35, 1, 0, 2.39%, 0, 0, 7, 3.96
1500376795, 297, 26, 35, 1, 0, 2.39%, 0, 0, 7, 3.92
1500376882, 297, 33, 35, 1, 0, 2.39%, 0, 0, 7, 3.96
1500377025, 298, 1, 35, 1, 0, 2.39%, 0, 0, 7, 3.95
1500377092, 298, 10, 35, 1, 0, 2.39%, 0, 0, 7, 3.94
1500377102, 298, 16, 35, 1, 0, 2.39%, 0, 0, 7, 3.97
1500377117, 299, 16, 35, 1, 0, 2.39%, 0, 0, 7, 4.06
1500377127, 300, 4, 35, 1, 0, 2.39%, 0, 0, 7, 3.95
1500377189, 300, 7, 35, 1, 0, 2.39%, 0, 0, 7, 3.96
1500377194, 300, 16, 35, 1, 0, 2.39%, 0, 0, 7, 3.92
1500377210, 300, 34, 35, 1, 0, 2.39%, 0, 0, 7, 3.94
1500377261, 301, 3, 35, 0, 0, 2.39%, 0, 0, 7, 3.98
1500377322, 301, 10, 35, 0, 0, 2.39%, 0, 0, 7, 3.93
1500377337, 301, 15, 35, 0, 0, 2.39%, 0, 0, 7, 4.00
1500377398, 301, 16, 35, 0, 0, 2.39%, 0, 0, 7, 4.01
1500377413, 301, 29, 35, 0, 0, 2.39%, 0, 0, 7, 3.99
1500377546, 302, 16, 35, 0, 0, 2.39%, 0, 0, 7, 3.98
1500377562, 302, 27, 35, 0, 0, 2.39%, 0, 0, 7, 4.00
1500377695, 303, 5, 35, 0, 0, 2.39%, 0, 0, 7, 4.01
1500377762, 303, 16, 35, 0, 0, 2.39%, 0, 0, 7, 3.97
1500377772, 304, 11, 35, 0, 0, 2.39%, 0, 0, 7, 3.88
1500377843, 304, 16, 35, 0, 0, 2.39%, 0, 0, 7, 4.05
1500377859, 304, 24, 35, 0, 0, 2.39%, 0, 0, 7, 3.88
1500377936, 305, 16, 35, 0, 0, 2.39%, 0, 0, 7, 3.93
1500377946, 305, 23, 35, 0, 0, 2.39%, 0, 0, 7, 3.94
1500377976, 306, 1, 35, 0, 0, 2.39%, 0, 0, 7, 3.95
1500378042, 306, 2, 35, 0, 0, 2.39%, 0, 0, 7, 4.00
1500378104, 306, 16, 35, 0, 0, 2.39%, 0, 0, 7, 4.01
1500378119, 306, 24, 35, 0, 0, 2.39%, 0, 0, 7, 4.00
1500378190, 307, 16, 35, 0, 0, 2.39%, 0, 0, 7, 4.01
1500378205, 308, 16, 35, 0, 0, 2.39%, 0, 0, 7, 4.00
1500378215, 309, 16, 35, 0, 0, 2.39%, 0, 0, 7, 3.97
1500378231, 309, 34, 35, 0, 0, 2.39%, 0, 0, 7, 3.94
1500378282, 310, 4, 35, 0, 0, 2.39%, 0, 0, 7, 3.95
1500378338, 310, 16, 35, 0, 0, 2.39%, 0, 0, 7, 3.93
1500378353, 310, 32, 35, 0, 0, 2.39%, 0, 0, 7, 4.00
1500378430, 311, 16, 35, 0, 0, 2.39%, 0, 0, 7, 3.95
1500378445, 312, 6, 35, 0, 0, 2.39%, 0, 0, 7, 4.02
1500378506, 312, 16, 35, 0, 0, 2.39%, 0, 0, 7, 4.00
1500378522, 313, 16, 35, 0, 0, 2.39%, 0, 0, 7, 3.96
1500378532, 313, 20, 35, 0, 0, 2.39%, 0, 0, 7, 3.95
1500378675, 313, 29, 35, 0, 0, 2.39%, 0, 0, 7, 4.06
1500378813, 314, 10, 35, 0, 0, 2.39%, 0, 0, 7, 3.97
1500378824, 314, 16, 35, 0, 0, 2.39%, 0, 0, 7, 3.97
1500378839, 315, 6, 35, 0, 0, 2.39%, 0, 0, 7, 4.00
1500378905, 315, 9, 35, 0, 0, 2.39%, 0, 0, 7, 4.07
1500378972, 315, 11, 35, 0, 0, 2.39%, 0, 0, 7, 3.92
1500379023, 315, 11, 36, 1, 0, 2.39%, 0, 0, 7, 4.01
1500379048, 315, 35, 36, 1, 1, 2.39%, 0, 0, 7, 3.96
1500379099, 316, 35, 36, 0, 0, 2.39%, 0, 0, 7, 4.01
1500379150, 317, 0, 36, 0, 0, 2.39%, 0, 0, 7, 3.97
1500379211, 317, 10, 36, 0, 0, 2.39%, 0, 0, 7, 3.91
1500379222, 317, 35, 36, 0, 0, 2.39%, 0, 0, 7, 3.92
1500379278, 318, 14, 36, 0, 0, 2.39%, 0, 0, 7, 4.04
1500379344, 318, 35, 36, 0, 0, 2.39%, 0, 0, 7, 3.96
1500379395, 319, 13, 36, 0, 0, 2.39%, 0, 0, 7, 3.95
1500379461, 319, 35, 36, 0, 0, 2.39%, 0, 0, 7, 4.03
1500379512, 320, 18, 36, 0, 0, 2.39%, 0, 0, 7, 3.96
1500379588, 320, 22, 36, 0, 0, 2.39%, 0, 0, 7, 4.00
1500379640, 320, 32, 36, 0, 0, 2.39%, 0, 0, 7, 3.95
1500379717, 320, 35, 36, 0, 0, 2.39%, 0, 0, 7, 4.05
1500379768, 321, 14, 36, 0, 0, 2.39%, 0, 0, 7, 4.03
1500379829, 321, 27, 36, 0, 0, 2.39%, 0, 0, 7, 4.00
1500379956, 321, 29, 36, 0, 0, 2.39%, 0, 0, 7, 3.98
1500380084, 321, 35, 36, 0, 0, 2.39%, 0, 0, 7, 3.89
1500380135, 322, 16, 36, 0, 0, 2.39%, 0, 0, 7, 4.01
1500380151, 322, 31, 36, 0, 0, 2.39%, 0, 0, 7, 4.13
1500380268, 322, 35, 36, 0, 0, 2.39%, 0, 0, 7, 3.95
1500380320, 323, 2, 36, 0, 0, 2.39%, 0, 0, 7, 3.93
1500380386, 323, 12, 36, 0, 0, 2.39%, 0, 0, 7, 3.99
1500380397, 323, 17, 36, 0, 0, 2.39%, 0, 0, 7, 3.98
1500380478, 323, 35, 36, 0, 0, 2.39%, 0, 0, 7, 4.05
1500380533, 324, 35, 36, 0, 0, 2.39%, 0, 0, 7, 3.98
1500380585, 325, 3, 36, 0, 0, 2.39%, 0, 0, 7, 3.96
1500380646, 325, 14, 36, 0, 0, 2.39%, 0, 0, 7, 3.97
1500380713, 325, 15, 36, 0, 0, 2.39%, 0, 0, 7, 4.03
1500380774, 325, 24, 36, 0, 0, 2.39%, 0, 0, 7, 3.98
1500380861, 325, 35, 36, 0, 0, 2.39%, 0, 0, 7, 4.00
1500380913, 326, 31, 36, 0, 0, 2.39%, 0, 0, 7, 3.98
1500381056, 326, 35, 36, 0, 0, 2.39%, 0, 0, 7, 3.89
1500381107, 327, 14, 36, 0, 0, 2.39%, 0, 0, 7, 4.00
1500381174, 327, 16, 36, 0, 0, 2.39%, 0, 0, 7, 4.04
1500381184, 327, 35, 36, 0, 0, 2.39%, 0, 0, 7, 3.99
1500381235, 328, 11, 36, 0, 0, 2.39%, 0, 0, 7, 3.95
1500381307, 328, 35, 36, 0, 0, 2.39%, 0, 0, 7, 3.93
1500381358, 329, 3, 36, 0, 0, 2.39%, 0, 0, 7, 3.94
1500381419, 329, 4, 36, 0, 0, 2.39%, 0, 0, 7, 3.95
1500381486, 329, 35, 36, 0, 0, 2.39%, 0, 0, 7, 3.95
1500381537, 330, 29, 36, 0, 0, 2.39%, 0, 0, 7, 3.96
1500381680, 330, 35, 36, 0, 0, 2.39%, 0, 0, 7, 3.93
1500381731, 331, 21, 36, 0, 0, 2.39%, 0, 0, 7, 3.88
1500381808, 331, 35, 36, 0, 0, 2.39%, 0, 0, 7, 3.93
1500381860, 332, 20, 36, 0, 0, 2.39%, 0, 0, 7, 4.03
1500382008, 332, 35, 36, 0, 0, 2.39%, 0, 0, 7, 3.97
1500382059, 333, 35, 36, 0, 0, 2.39%, 0, 0, 7, 3.97
1500382110, 334, 35, 36, 0, 0, 2.39%, 0, 0, 7, 3.97
1500382161, 335, 18, 36, 0, 0, 2.39%, 0, 0, 7, 3.98
1500382238, 335, 35, 36, 0, 0, 2.39%, 0, 0, 7, 4.01
1500382288, 336, 2, 36, 0, 0, 2.39%, 0, 0, 7, 3.99
1500382355, 336, 19, 36, 0, 0, 2.39%, 0, 0, 7, 3.93
1500382437, 336, 30, 36, 0, 0, 2.39%, 0, 0, 7, 3.97
1500382580, 336, 33, 36, 0, 0, 2.39%, 0, 0, 7, 4.09
1500382718, 336, 35, 36, 0, 0, 2.39%, 0, 0, 7, 3.94
1500382769, 337, 28, 36, 0, 0, 2.39%, 0, 0, 7, 4.06
1500382856, 337, 35, 36, 0, 0, 2.39%, 0, 0, 7, 4.01
1500382907, 338, 13, 36, 0, 0, 2.39%, 0, 0, 7, 3.96
1500382968, 338, 16, 36, 0, 0, 2.39%, 0, 0, 7, 3.93
1500382984, 338, 27, 36, 0, 0, 2.39%, 0, 0, 7, 4.03
1500383117, 338, 35, 36, 0, 0, 2.39%, 0, 0, 7, 3.96
1500383168, 339, 2, 36, 0, 0, 2.39%, 0, 0, 7, 3.97
1500383229, 339, 35, 36, 0, 0, 2.39%, 0, 0, 7, 4.00
1500383281, 340, 14, 36, 0, 0, 2.39%, 0, 0, 7, 3.97
1500383347, 340, 35, 36, 0, 0, 2.39%, 0, 0, 7, 3.99
1500383403, 341, 15, 36, 0, 0, 2.39%, 0, 0, 7, 3.98
1500383459, 341, 18, 36, 0, 0, 2.39%, 0, 0, 7, 3.97
1500383535, 341, 35, 36, 0, 0, 2.39%, 0, 0, 7, 4.04
1500383587, 342, 2, 36, 0, 0, 2.39%, 0, 0, 7, 3.94
1500383654, 342, 35, 36, 0, 0, 2.39%, 0, 0, 7, 3.90
1500383705, 343, 5, 36, 0, 0, 2.39%, 0, 0, 7, 3.85
1500383771, 343, 6, 36, 0, 0, 2.39%, 0, 0, 7, 3.99
1500383838, 343, 33, 36, 0, 0, 2.39%, 0, 0, 7, 4.02
1500383966, 343, 35, 36, 0, 0, 2.39%, 0, 0, 7, 3.90
1500384017, 344, 31, 36, 0, 0, 2.39%, 0, 0, 7, 3.98
1500384149, 344, 34, 36, 0, 0, 2.39%, 0, 0, 7, 3.99
1500384200, 344, 35, 36, 0, 0, 2.39%, 0, 0, 7, 3.97
1500384252, 345, 11, 36, 0, 0, 2.39%, 0, 0, 7, 3.95
1500384328, 345, 31, 36, 0, 0, 2.39%, 0, 0, 7, 3.90
1500384472, 345, 35, 36, 0, 0, 2.39%, 0, 0, 7, 3.93
1500384523, 346, 19, 36, 0, 0, 2.39%, 0, 0, 7, 3.96
1500384610, 346, 28, 36, 0, 0, 2.39%, 0, 0, 7, 3.94
1500384692, 346, 35, 36, 0, 0, 2.39%, 0, 0, 7, 3.95
1500384743, 347, 32, 36, 0, 0, 2.39%, 0, 0, 7, 3.98
1500384824, 347, 34, 36, 0, 0, 2.39%, 0, 0, 7, 3.98
1500384875, 347, 35, 36, 0, 0, 2.39%, 0, 0, 7, 3.94
1500384927, 348, 27, 36, 0, 0, 2.39%, 0, 0, 7, 3.95
1500385070, 348, 30, 36, 0, 0, 2.39%, 0, 0, 7, 3.95
1500385203, 348, 35, 36, 0, 0, 2.39%, 0, 0, 7, 4.03
1500385254, 349, 4, 36, 0, 0, 2.39%, 0, 0, 7, 3.88
1500385321, 349, 33, 36, 0, 0, 2.39%, 0, 0, 7, 3.99
1500385464, 349, 35, 36, 0, 0, 2.39%, 0, 0, 7, 3.91
1500385515, 350, 19, 36, 0, 0, 2.39%, 0, 0, 7, 3.95
1500385597, 350, 32, 36, 0, 0, 2.39%, 0, 0, 7, 3.98
1500385669, 350, 35, 36, 0, 0, 2.39%, 0, 0, 7, 4.02
1500385725, 351, 3, 36, 0, 0, 2.39%, 0, 0, 7, 3.95
1500385787, 351, 4, 36, 0, 0, 2.39%, 0, 0, 7, 3.99
1500385848, 351, 35, 36, 0, 0, 2.39%, 0, 0, 7, 3.97
1500385899, 352, 1, 36, 0, 0, 2.39%, 0, 0, 7, 3.93
1500385960, 352, 1, 37, 1, 0, 2.39%, 0, 0, 7, 3.95
1500385965, 352, 31, 37, 1, 0, 2.39%, 0, 0, 7, 3.95
1500386103, 352, 34, 37, 1, 0, 2.39%, 0, 0, 7, 3.95
1500386154, 352, 35, 37, 1, 0, 2.39%, 0, 0, 7, 3.96
1500386205, 353, 10, 37, 1, 0, 2.39%, 0, 0, 7, 3.93
1500386221, 353, 35, 37, 1, 0, 2.39%, 0, 0, 7, 4.00
1500386272, 354, 23, 37, 1, 0, 2.39%, 0, 0, 7, 3.90
1500386297, 354, 35, 37, 1, 0, 2.39%, 0, 0, 7, 3.95
1500386348, 354, 36, 37, 1, 0, 2.39%, 0, 0, 7, 3.85
1500386425, 355, 5, 37, 0, 0, 2.39%, 0, 0, 7, 3.97
1500386492, 355, 35, 37, 0, 0, 2.39%, 0, 0, 7, 3.93
1500386544, 356, 2, 37, 0, 0, 2.39%, 0, 0, 7, 3.93
1500386610, 356, 18, 37, 0, 0, 2.39%, 0, 0, 7, 3.80
1500386682, 356, 35, 37, 0, 0, 2.39%, 0, 0, 7, 3.99
1500386733, 357, 0, 37, 0, 0, 2.39%, 0, 0, 7, 3.99
1500386799, 357, 21, 37, 0, 0, 2.39%, 0, 0, 7, 4.06
1500386886, 357, 35, 37, 0, 0, 2.39%, 0, 0, 7, 3.99
1500386901, 357, 35, 38, 1, 0, 2.39%, 0, 0, 7, 3.37
1500386922, 357, 35, 39, 2, 0, 2.39%, 0, 0, 7, 2.96
1500386984, 357, 35, 40, 3, 0, 2.39%, 0, 0, 7, 2.91
1500387131, 357, 38, 40, 3, 0, 2.39%, 0, 0, 7, 3.99
1500387183, 357, 39, 40, 2, 0, 2.39%, 0, 0, 7, 4.00
1500387296, 358, 25, 40, 1, 0, 2.39%, 0, 0, 7, 3.89
1500387384, 358, 35, 40, 1, 0, 2.39%, 0, 0, 7, 3.78
1500387435, 359, 17, 40, 1, 0, 2.39%, 0, 0, 7, 3.79
1500387517, 359, 29, 40, 1, 0, 2.39%, 0, 0, 7, 3.97
1500387666, 359, 35, 40, 1, 0, 2.39%, 0, 0, 7, 3.58
1500387723, 360, 18, 40, 1, 0, 2.39%, 0, 0, 7, 3.35
1500387800, 360, 35, 40, 1, 0, 2.39%, 0, 0, 7, 3.58
1500387856, 361, 4, 40, 1, 0, 2.39%, 0, 0, 7, 3.59
1500387928, 361, 5, 40, 1, 0, 2.39%, 0, 0, 7, 3.54
1500388005, 361, 22, 40, 1, 0, 2.39%, 0, 0, 7, 3.57
1500388062, 361, 35, 40, 1, 0, 2.39%, 0, 0, 7, 3.54
1500388118, 362, 17, 40, 1, 0, 2.39%, 0, 0, 7, 3.94
1500388180, 362, 35, 40, 1, 0, 2.39%, 0, 0, 7, 3.93
1500388237, 362, 37, 40, 1, 0, 2.39%, 0, 0, 7, 3.84
1500388345, 363, 32, 40, 0, 0, 2.39%, 0, 0, 7, 3.91
1500388432, 363, 35, 40, 0, 0, 2.39%, 0, 0, 7, 3.96
1500388478, 363, 35, 41, 1, 0, 2.39%, 0, 0, 7, 3.92
1500388540, 364, 1, 41, 1, 0, 2.39%, 0, 0, 7, 3.84
1500388607, 364, 20, 41, 1, 0, 2.39%, 0, 0, 7, 3.97
1500388669, 364, 20, 42, 2, 0, 2.39%, 0, 0, 7, 3.87
1500388766, 364, 35, 42, 2, 0, 2.39%, 0, 0, 7, 4.04
1500388818, 364, 37, 42, 2, 0, 2.39%, 0, 0, 7, 3.80
