# unix_time, cycles_done, cur_path, paths_total, pending_total, pending_favs, map_size, unique_crashes, unique_hangs, max_depth, execs_per_sec
1500345987, 0, 0, 4, 4, 1, 2.38%, 0, 0, 1, 3.94
1500345992, 0, 2, 4, 4, 1, 2.38%, 0, 0, 1, 4.02
1500346053, 0, 2, 5, 5, 1, 2.39%, 0, 0, 2, 3.57
1500346074, 0, 2, 5, 4, 0, 2.39%, 0, 0, 2, 3.91
1500346089, 0, 3, 5, 4, 0, 2.39%, 0, 0, 2, 3.69
1500346161, 0, 4, 6, 4, 0, 2.39%, 0, 0, 3, 3.98
1500346239, 0, 4, 7, 5, 0, 2.39%, 0, 0, 3, 3.91
1500346249, 0, 5, 7, 4, 0, 2.39%, 0, 0, 3, 4.09
1500346315, 0, 6, 7, 3, 0, 2.39%, 0, 0, 3, 4.02
1500346346, 0, 6, 8, 4, 0, 2.39%, 0, 0, 4, 4.06
1500346392, 0, 7, 8, 3, 0, 2.39%, 0, 0, 4, 3.94
1500346468, 0, 7, 8, 2, 0, 2.39%, 0, 0, 4, 3.98
1500346473, 1, 0, 8, 2, 0, 2.39%, 0, 0, 4, 3.96
1500346539, 1, 1, 8, 1, 0, 2.39%, 0, 0, 4, 3.95
1500346606, 1, 2, 8, 0, 0, 2.39%, 0, 0, 4, 3.96
1500346621, 1, 2, 9, 1, 0, 2.39%, 0, 0, 4, 4.01
1500346678, 1, 6, 9, 1, 1, 2.39%, 0, 0, 4, 3.99
1500346734, 1, 8, 9, 1, 1, 2.39%, 0, 0, 4, 4.00
1500346750, 2, 0, 9, 0, 0, 2.39%, 0, 0, 4, 3.94
1500346760, 2, 0, 10, 1, 0, 2.39%, 0, 0, 4, 3.94
1500346820, 2, 1, 10, 1, 0, 2.39%, 0, 0, 4, 3.94
1500346892, 2, 2, 10, 1, 0, 2.39%, 0, 0, 4, 3.94
1500346959, 2, 3, 10, 1, 0, 2.39%, 0, 0, 4, 3.96
1500347026, 2, 4, 10, 1, 0, 2.39%, 0, 0, 4, 3.92
1500347093, 2, 5, 10, 1, 0, 2.39%, 0, 0, 4, 3.96
1500347160, 2, 6, 10, 1, 0, 2.39%, 0, 0, 4, 4.01
1500347231, 2, 7, 10, 1, 0, 2.39%, 0, 0, 4, 3.90
1500347302, 2, 8, 10, 1, 0, 2.39%, 0, 0, 4, 4.00
1500347307, 2, 9, 10, 1, 0, 2.39%, 0, 0, 4, 4.03
1500347374, 2, 9, 10, 0, 0, 2.39%, 0, 0, 4, 3.94
1500347379, 3, 0, 10, 0, 0, 2.39%, 0, 0, 4, 3.97
1500347445, 3, 1, 10, 0, 0, 2.39%, 0, 0, 4, 4.01
1500347486, 3, 1, 11, 1, 0, 2.39%, 0, 0, 4, 3.98
1500347516, 3, 8, 11, 1, 0, 2.39%, 0, 0, 4, 4.06
1500347522, 4, 8, 11, 1, 0, 2.39%, 0, 0, 4, 3.88
1500347532, 5, 1, 11, 1, 0, 2.39%, 0, 0, 4, 3.94
1500347583, 5, 8, 11, 1, 0, 2.39%, 0, 0, 4, 3.95
1500347593, 5, 10, 11, 1, 0, 2.39%, 0, 0, 4, 3.96
1500347604, 6, 8, 11, 0, 0, 2.39%, 0, 0, 4, 3.94
1500347609, 7, 8, 11, 0, 0, 2.39%, 0, 0, 4, 3.96
1500347619, 8, 3, 11, 0, 0, 2.39%, 0, 0, 4, 3.90
1500347686, 8, 6, 11, 0, 0, 2.39%, 0, 0, 4, 3.91
1500347747, 8, 8, 11, 0, 0, 2.39%, 0, 0, 4, 3.93
1500347752, 9, 8, 11, 0, 0, 2.39%, 0, 0, 4, 3.99
1500347757, 10, 8, 11, 0, 0, 2.39%, 0, 0, 4, 3.99
1500347762, 11, 4, 11, 0, 0, 2.39%, 0, 0, 4, 3.91
1500347829, 11, 5, 11, 0, 0, 2.39%, 0, 0, 4, 3.95
1500347885, 11, 8, 11, 0, 0, 2.39%, 0, 0, 4, 4.18
1500347890, 12, 8, 11, 0, 0, 2.39%, 0, 0, 4, 4.02
1500347901, 13, 8, 11, 0, 0, 2.39%, 0, 0, 4, 3.90
1500347906, 13, 10, 11, 0, 0, 2.39%, 0, 0, 4, 3.99
1500347921, 14, 8, 11, 0, 0, 2.39%, 0, 0, 4, 3.97
1500347926, 15, 4, 11, 0, 0, 2.39%, 0, 0, 4, 4.01
1500347988, 15, 8, 11, 0, 0, 2.39%, 0, 0, 4, 3.94
1500347993, 16, 4, 11, 0, 0, 2.39%, 0, 0, 4, 4.02
1500348044, 16, 4, 12, 1, 0, 2.39%, 0, 0, 4, 4.01
1500348059, 16, 8, 12, 1, 0, 2.39%, 0, 0, 4, 4.00
1500348064, 17, 8, 12, 1, 0, 2.39%, 0, 0, 4, 3.96
1500348074, 18, 2, 12, 1, 0, 2.39%, 0, 0, 4, 3.99
1500348141, 18, 8, 12, 1, 0, 2.39%, 0, 0, 4, 4.03
1500348146, 18, 11, 12, 1, 0, 2.39%, 0, 0, 4, 4.01
1500348228, 19, 8, 12, 0, 0, 2.39%, 0, 0, 4, 3.99
1500348238, 20, 8, 12, 0, 0, 2.39%, 0, 0, 4, 3.96
1500348243, 21, 8, 12, 0, 0, 2.39%, 0, 0, 4, 3.98
1500348248, 22, 0, 12, 0, 0, 2.39%, 0, 0, 4, 3.94
1500348315, 22, 6, 12, 0, 0, 2.39%, 0, 0, 4, 3.97
1500348386, 22, 8, 12, 0, 0, 2.39%, 0, 0, 4, 4.00
1500348391, 23, 4, 12, 0, 0, 2.39%, 0, 0, 4, 3.96
1500348417, 23, 4, 13, 1, 0, 2.39%, 0, 0, 4, 3.92
1500348463, 23, 8, 13, 1, 0, 2.39%, 0, 0, 4, 3.85
1500348473, 23, 12, 13, 1, 0, 2.39%, 0, 0, 4, 3.89
1500348560, 24, 7, 13, 0, 0, 2.39%, 0, 0, 4, 3.90
1500348632, 24, 8, 13, 0, 0, 2.39%, 0, 0, 4, 3.94
1500348642, 25, 8, 13, 0, 0, 2.39%, 0, 0, 4, 3.90
1500348647, 26, 7, 13, 0, 0, 2.39%, 0, 0, 4, 3.92
1500348719, 26, 8, 13, 0, 0, 2.39%, 0, 0, 4, 3.94
1500348729, 26, 9, 13, 0, 0, 2.39%, 0, 0, 4, 3.99
1500348800, 27, 5, 13, 0, 0, 2.39%, 0, 0, 4, 3.89
1500348866, 27, 8, 13, 0, 0, 2.39%, 0, 0, 4, 3.98
1500348877, 28, 0, 13, 0, 0, 2.39%, 0, 0, 4, 4.01
1500348944, 28, 8, 13, 0, 0, 2.39%, 0, 0, 4, 4.01
1500348949, 29, 8, 13, 0, 0, 2.39%, 0, 0, 4, 3.99
1500348954, 30, 3, 13, 0, 0, 2.39%, 0, 0, 4, 3.96
1500349020, 30, 8, 13, 0, 0, 2.39%, 0, 0, 4, 4.00
1500349030, 30, 10, 13, 0, 0, 2.39%, 0, 0, 4, 3.98
1500349040, 31, 2, 13, 0, 0, 2.39%, 0, 0, 4, 4.07
1500349106, 31, 8, 13, 0, 0, 2.39%, 0, 0, 4, 3.96
1500349116, 32, 8, 13, 0, 0, 2.39%, 0, 0, 4, 3.96
1500349121, 33, 8, 13, 0, 0, 2.39%, 0, 0, 4, 3.97
1500349126, 34, 1, 13, 0, 0, 2.39%, 0, 0, 4, 4.09
1500349192, 34, 8, 13, 0, 0, 2.39%, 0, 0, 4, 3.86
1500349202, 34, 9, 13, 0, 0, 2.39%, 0, 0, 4, 3.97
1500349269, 35, 1, 13, 0, 0, 2.39%, 0, 0, 4, 3.98
1500349335, 35, 8, 13, 0, 0, 2.39%, 0, 0, 4, 4.00
1500349340, 36, 8, 13, 0, 0, 2.39%, 0, 0, 4, 3.98
1500349350, 37, 6, 13, 0, 0, 2.39%, 0, 0, 4, 4.00
1500349417, 37, 8, 13, 0, 0, 2.39%, 0, 0, 4, 3.97
1500349422, 38, 8, 13, 0, 0, 2.39%, 0, 0, 4, 4.00
1500349427, 39, 8, 13, 0, 0, 2.39%, 0, 0, 4, 3.89
1500349433, 39, 8, 14, 1, 0, 2.39%, 0, 0, 4, 3.90
1500349443, 39, 13, 14, 1, 1, 2.39%, 0, 0, 4, 3.97
1500349469, 40, 13, 14, 0, 0, 2.39%, 0, 0, 4, 3.95
1500349494, 41, 10, 14, 0, 0, 2.39%, 0, 0, 4, 3.98
1500349499, 41, 13, 14, 0, 0, 2.39%, 0, 0, 4, 4.02
1500349525, 42, 9, 14, 0, 0, 2.39%, 0, 0, 4, 3.97
1500349597, 42, 13, 14, 0, 0, 2.39%, 0, 0, 4, 3.97
1500349623, 43, 3, 14, 0, 0, 2.39%, 0, 0, 4, 3.92
1500349689, 43, 13, 14, 0, 0, 2.39%, 0, 0, 4, 3.99
1500349715, 44, 6, 14, 0, 0, 2.39%, 0, 0, 4, 3.98
1500349771, 44, 13, 14, 0, 0, 2.39%, 0, 0, 4, 3.95
1500349802, 45, 1, 14, 0, 0, 2.39%, 0, 0, 4, 4.01
1500349864, 45, 4, 14, 0, 0, 2.39%, 0, 0, 4, 3.98
1500349925, 45, 13, 14, 0, 0, 2.39%, 0, 0, 4, 4.02
1500349950, 46, 13, 14, 0, 0, 2.39%, 0, 0, 4, 3.99
1500349976, 47, 13, 14, 0, 0, 2.39%, 0, 0, 4, 3.90
1500350001, 48, 4, 14, 0, 0, 2.39%, 0, 0, 4, 4.01
1500350067, 48, 13, 14, 0, 0, 2.39%, 0, 0, 4, 3.93
1500350077, 49, 12, 14, 0, 0, 2.39%, 0, 0, 4, 3.97
1500350103, 49, 12, 15, 1, 0, 2.39%, 0, 0, 4, 4.04
1500350195, 49, 13, 15, 1, 0, 2.39%, 0, 0, 4, 4.01
1500350205, 50, 1, 15, 1, 0, 2.39%, 0, 0, 4, 3.87
1500350271, 50, 13, 15, 1, 0, 2.39%, 0, 0, 4, 4.02
1500350286, 50, 14, 15, 1, 0, 2.39%, 0, 0, 4, 4.00
1500350425, 51, 9, 15, 0, 0, 2.39%, 0, 0, 4, 3.99
1500350491, 51, 13, 15, 0, 0, 2.39%, 0, 0, 4, 3.99
1500350496, 52, 13, 15, 0, 0, 2.39%, 0, 0, 4, 3.97
1500350501, 53, 13, 15, 0, 0, 2.39%, 0, 0, 4, 3.98
1500350511, 54, 13, 15, 0, 0, 2.39%, 0, 0, 4, 3.99
1500350516, 55, 9, 15, 0, 0, 2.39%, 0, 0, 4, 3.95
1500350583, 55, 13, 15, 0, 0, 2.39%, 0, 0, 4, 4.02
1500350588, 56, 12, 15, 0, 0, 2.39%, 0, 0, 4, 4.02
1500350675, 56, 13, 15, 0, 0, 2.39%, 0, 0, 4, 3.98
1500350680, 57, 13, 15, 0, 0, 2.39%, 0, 0, 4, 4.00
1500350690, 58, 0, 15, 0, 0, 2.39%, 0, 0, 4, 4.00
1500350757, 58, 3, 15, 0, 0, 2.39%, 0, 0, 4, 3.90
1500350823, 58, 13, 15, 0, 0, 2.39%, 0, 0, 4, 3.98
1500350829, 59, 11, 15, 0, 0, 2.39%, 0, 0, 4, 3.95
1500350915, 59, 13, 15, 0, 0, 2.39%, 0, 0, 4, 4.06
1500350920, 60, 0, 15, 0, 0, 2.39%, 0, 0, 4, 3.95
1500350987, 60, 2, 15, 0, 0, 2.39%, 0, 0, 4, 4.00
1500351054, 60, 13, 15, 0, 0, 2.39%, 0, 0, 4, 3.93
1500351064, 60, 14, 15, 0, 0, 2.39%, 0, 0, 4, 3.98
1500351212, 61, 13, 15, 0, 0, 2.39%, 0, 0, 4, 4.06
1500351217, 62, 13, 15, 0, 0, 2.39%, 0, 0, 4, 4.00
1500351222, 63, 13, 15, 0, 0, 2.39%, 0, 0, 4, 3.97
1500351227, 64, 1, 15, 0, 0, 2.39%, 0, 0, 4, 3.93
1500351258, 64, 1, 16, 1, 0, 2.39%, 0, 0, 4, 3.96
1500351304, 64, 4, 16, 1, 0, 2.39%, 0, 0, 4, 3.93
1500351371, 64, 9, 16, 1, 0, 2.39%, 0, 0, 4, 3.98
1500351437, 64, 12, 16, 1, 0, 2.39%, 0, 0, 4, 3.94
1500351524, 64, 13, 16, 1, 0, 2.39%, 0, 0, 4, 3.93
1500351529, 65, 13, 16, 1, 0, 2.39%, 0, 0, 4, 3.96
1500351534, 66, 1, 16, 1, 0, 2.39%, 0, 0, 4, 3.91
1500351606, 66, 9, 16, 1, 0, 2.39%, 0, 0, 4, 4.00
1500351673, 66, 10, 16, 1, 0, 2.39%, 0, 0, 4, 3.92
1500351678, 66, 13, 16, 1, 0, 2.39%, 0, 0, 4, 3.93
1500351683, 67, 13, 16, 1, 0, 2.39%, 0, 0, 4, 3.90
1500351688, 68, 12, 16, 1, 0, 2.39%, 0, 0, 4, 3.93
1500351775, 68, 13, 16, 1, 0, 2.39%, 0, 0, 4, 3.93
1500351780, 69, 13, 16, 1, 0, 2.39%, 0, 0, 4, 4.14
1500351790, 70, 1, 16, 1, 0, 2.39%, 0, 0, 4, 3.95
1500351857, 70, 3, 16, 1, 0, 2.39%, 0, 0, 4, 3.97
1500351924, 70, 13, 16, 1, 0, 2.39%, 0, 0, 4, 4.02
1500351929, 70, 15, 16, 1, 0, 2.39%, 0, 0, 4, 3.98
1500352020, 71, 8, 16, 0, 0, 2.39%, 0, 0, 4, 3.97
1500352026, 71, 13, 16, 0, 0, 2.39%, 0, 0, 4, 3.95
1500352036, 72, 13, 16, 0, 0, 2.39%, 0, 0, 4, 3.94
1500352041, 73, 13, 16, 0, 0, 2.39%, 0, 0, 4, 3.90
1500352046, 74, 13, 16, 0, 0, 2.39%, 0, 0, 4, 4.04
1500352051, 75, 0, 16, 0, 0, 2.39%, 0, 0, 4, 4.09
1500352118, 75, 3, 16, 0, 0, 2.39%, 0, 0, 4, 4.00
1500352133, 75, 3, 17, 1, 0, 2.39%, 0, 0, 4, 4.00
1500352194, 75, 13, 17, 1, 0, 2.39%, 0, 0, 4, 3.91
1500352199, 75, 14, 17, 1, 0, 2.39%, 0, 0, 4, 3.95
1500352348, 76, 10, 17, 1, 0, 2.39%, 0, 0, 4, 4.01
1500352353, 76, 13, 17, 1, 0, 2.39%, 0, 0, 4, 3.94
1500352358, 76, 16, 17, 1, 0, 2.39%, 0, 0, 4, 3.84
1500352445, 77, 4, 17, 0, 0, 2.39%, 0, 0, 4, 3.94
1500352517, 77, 13, 17, 0, 0, 2.39%, 0, 0, 4, 3.90
1500352522, 77, 14, 17, 0, 0, 2.39%, 0, 0, 4, 4.02
1500352665, 77, 15, 17, 0, 0, 2.39%, 0, 0, 4, 3.91
1500352753, 78, 13, 17, 0, 0, 2.39%, 0, 0, 4, 3.89
1500352758, 78, 14, 17, 0, 0, 2.39%, 0, 0, 4, 3.95
1500352906, 79, 13, 17, 0, 0, 2.39%, 0, 0, 4, 3.98
1500352911, 80, 7, 17, 0, 0, 2.39%, 0, 0, 4, 3.91
1500352988, 80, 13, 17, 0, 0, 2.39%, 0, 0, 4, 4.09
1500352993, 81, 8, 17, 0, 0, 2.39%, 0, 0, 4, 3.98
1500352999, 81, 13, 17, 0, 0, 2.39%, 0, 0, 4, 4.07
1500353004, 82, 13, 17, 0, 0, 2.39%, 0, 0, 4, 3.99
1500353014, 83, 13, 17, 0, 0, 2.39%, 0, 0, 4, 3.98
1500353019, 84, 13, 17, 0, 0, 2.39%, 0, 0, 4, 3.94
1500353024, 85, 11, 17, 0, 0, 2.39%, 0, 0, 4, 3.85
1500353111, 85, 13, 17, 0, 0, 2.39%, 0, 0, 4, 3.97
1500353116, 86, 13, 17, 0, 0, 2.39%, 0, 0, 4, 3.94
1500353127, 87, 13, 17, 0, 0, 2.39%, 0, 0, 4, 4.02
1500353132, 88, 13, 17, 0, 0, 2.39%, 0, 0, 4, 4.03
1500353137, 89, 2, 17, 0, 0, 2.39%, 0, 0, 4, 4.00
1500353204, 89, 13, 17, 0, 0, 2.39%, 0, 0, 4, 3.95
1500353209, 90, 13, 17, 0, 0, 2.39%, 0, 0, 4, 3.89
1500353219, 91, 10, 17, 0, 0, 2.39%, 0, 0, 4, 3.99
1500353224, 91, 13, 17, 0, 0, 2.39%, 0, 0, 4, 3.95
1500353229, 92, 13, 17, 0, 0, 2.39%, 0, 0, 4, 3.96
1500353234, 93, 5, 17, 0, 0, 2.39%, 0, 0, 4, 3.86
1500353301, 93, 13, 17, 0, 0, 2.39%, 0, 0, 4, 3.96
1500353311, 94, 13, 17, 0, 0, 2.39%, 0, 0, 4, 3.96
1500353316, 95, 13, 17, 0, 0, 2.39%, 0, 0, 4, 3.98
1500353321, 96, 13, 17, 0, 0, 2.39%, 0, 0, 4, 3.97
1500353331, 97, 0, 17, 0, 0, 2.39%, 0, 0, 4, 3.94
1500353397, 97, 4, 17, 0, 0, 2.39%, 0, 0, 4, 4.01
1500353464, 97, 13, 17, 0, 0, 2.39%, 0, 0, 4, 4.17
1500353469, 97, 14, 17, 0, 0, 2.39%, 0, 0, 4, 4.04
1500353541, 97, 14, 18, 1, 0, 2.39%, 0, 0, 5, 3.97
1500353623, 98, 12, 18, 1, 0, 2.39%, 0, 0, 5, 3.90
1500353633, 98, 12, 19, 2, 0, 2.39%, 0, 0, 5, 4.00
1500353714, 98, 13, 19, 2, 0, 2.39%, 0, 0, 5, 3.92
1500353720, 99, 1, 19, 2, 0, 2.39%, 0, 0, 5, 4.00
1500353786, 99, 13, 19, 2, 0, 2.39%, 0, 0, 5, 3.94
1500353796, 100, 13, 19, 2, 0, 2.39%, 0, 0, 5, 3.96
1500353801, 101, 11, 19, 2, 0, 2.39%, 0, 0, 5, 3.97
1500353888, 101, 13, 19, 2, 0, 2.39%, 0, 0, 5, 3.86
1500353894, 102, 13, 19, 2, 0, 2.39%, 0, 0, 5, 3.92
1500353899, 103, 13, 19, 2, 0, 2.39%, 0, 0, 5, 3.94
1500353909, 104, 13, 19, 2, 0, 2.39%, 0, 0, 5, 3.99
1500353914, 105, 2, 19, 2, 0, 2.39%, 0, 0, 5, 3.96
1500353980, 105, 13, 19, 2, 0, 2.39%, 0, 0, 5, 3.97
1500353985, 106, 4, 19, 2, 0, 2.39%, 0, 0, 5, 4.00
1500354051, 106, 13, 19, 2, 0, 2.39%, 0, 0, 5, 3.99
1500354062, 106, 17, 19, 2, 0, 2.39%, 0, 0, 5, 3.96
1500354210, 107, 13, 19, 1, 0, 2.39%, 0, 0, 5, 4.03
1500354215, 108, 12, 19, 1, 0, 2.39%, 0, 0, 5, 4.04
1500354292, 108, 13, 19, 1, 0, 2.39%, 0, 0, 5, 4.03
1500354297, 109, 13, 19, 1, 0, 2.39%, 0, 0, 5, 4.12
1500354302, 109, 18, 19, 1, 0, 2.39%, 0, 0, 5, 4.04
1500354451, 110, 13, 19, 0, 0, 2.39%, 0, 0, 5, 4.00
1500354456, 111, 8, 20, 1, 0, 2.39%, 0, 0, 5, 3.97
1500354471, 111, 13, 20, 1, 0, 2.39%, 0, 0, 5, 3.97
1500354476, 112, 13, 20, 1, 0, 2.39%, 0, 0, 5, 3.90
1500354481, 112, 15, 20, 1, 0, 2.39%, 0, 0, 5, 3.91
1500354568, 112, 19, 20, 1, 0, 2.39%, 0, 0, 5, 3.97
1500354660, 113, 13, 20, 0, 0, 2.39%, 0, 0, 5, 3.98
1500354666, 114, 13, 20, 0, 0, 2.39%, 0, 0, 5, 3.98
1500354671, 115, 13, 20, 0, 0, 2.39%, 0, 0, 5, 3.94
1500354676, 116, 0, 20, 0, 0, 2.39%, 0, 0, 5, 3.99
1500354742, 116, 13, 20, 0, 0, 2.39%, 0, 0, 5, 3.93
1500354753, 117, 13, 20, 0, 0, 2.39%, 0, 0, 5, 3.98
1500354758, 117, 19, 20, 0, 0, 2.39%, 0, 0, 5, 3.96
1500354845, 118, 13, 20, 0, 0, 2.39%, 0, 0, 5, 3.92
1500354850, 119, 13, 20, 0, 0, 2.39%, 0, 0, 5, 3.91
1500354855, 119, 16, 20, 0, 0, 2.39%, 0, 0, 5, 4.04
1500354942, 120, 4, 20, 0, 0, 2.39%, 0, 0, 5, 3.91
1500355009, 120, 13, 20, 0, 0, 2.39%, 0, 0, 5, 3.92
1500355014, 121, 12, 20, 0, 0, 2.39%, 0, 0, 5, 3.99
1500355091, 121, 13, 20, 0, 0, 2.39%, 0, 0, 5, 4.00
1500355096, 121, 15, 20, 0, 0, 2.39%, 0, 0, 5, 3.90
1500355183, 122, 13, 20, 0, 0, 2.39%, 0, 0, 5, 3.91
1500355188, 122, 17, 20, 0, 0, 2.39%, 0, 0, 5, 3.94
1500355336, 123, 10, 20, 0, 0, 2.39%, 0, 0, 5, 4.18
1500355341, 123, 13, 20, 0, 0, 2.39%, 0, 0, 5, 4.05
1500355351, 124, 13, 20, 0, 0, 2.39%, 0, 0, 5, 4.02
1500355357, 125, 13, 20, 0, 0, 2.39%, 0, 0, 5, 3.88
1500355362, 126, 13, 20, 0, 0, 2.39%, 0, 0, 5, 4.00
1500355367, 127, 8, 20, 0, 0, 2.39%, 0, 0, 5, 4.03
1500355377, 127, 13, 20, 0, 0, 2.39%, 0, 0, 5, 3.98
1500355382, 127, 18, 20, 0, 0, 2.39%, 0, 0, 5, 4.06
1500355530, 128, 2, 20, 0, 0, 2.39%, 0, 0, 5, 4.09
1500355597, 128, 5, 20, 0, 0, 2.39%, 0, 0, 5, 4.00
1500355663, 128, 7, 20, 0, 0, 2.39%, 0, 0, 5, 3.95
1500355735, 128, 13, 20, 0, 0, 2.39%, 0, 0, 5, 3.97
1500355740, 128, 17, 20, 0, 0, 2.39%, 0, 0, 5, 4.01
1500355888, 129, 13, 20, 0, 0, 2.39%, 0, 0, 5, 3.99
1500355893, 130, 1, 20, 0, 0, 2.39%, 0, 0, 5, 3.98
1500355959, 130, 9, 20, 0, 0, 2.39%, 0, 0, 5, 3.92
1500356026, 130, 13, 20, 0, 0, 2.39%, 0, 0, 5, 3.97
1500356036, 131, 13, 20, 0, 0, 2.39%, 0, 0, 5, 3.91
1500356041, 132, 9, 20, 0, 0, 2.39%, 0, 0, 5, 3.95
1500356108, 132, 13, 20, 0, 0, 2.39%, 0, 0, 5, 3.99
1500356113, 133, 13, 20, 0, 0, 2.39%, 0, 0, 5, 4.01
1500356123, 134, 13, 20, 0, 0, 2.39%, 0, 0, 5, 3.94
1500356128, 134, 18, 20, 0, 0, 2.39%, 0, 0, 5, 3.96
1500356276, 135, 13, 20, 0, 0, 2.39%, 0, 0, 5, 3.98
1500356282, 136, 13, 20, 0, 0, 2.39%, 0, 0, 5, 3.95
1500356287, 137, 13, 20, 0, 0, 2.39%, 0, 0, 5, 3.97
1500356292, 138, 13, 20, 0, 0, 2.39%, 0, 0, 5, 3.95
1500356302, 138, 19, 20, 0, 0, 2.39%, 0, 0, 5, 4.12
1500356384, 139, 6, 20, 0, 0, 2.39%, 0, 0, 5, 4.02
1500356451, 139, 13, 20, 0, 0, 2.39%, 0, 0, 5, 3.99
1500356461, 140, 5, 20, 0, 0, 2.39%, 0, 0, 5, 4.04
1500356527, 140, 13, 20, 0, 0, 2.39%, 0, 0, 5, 3.95
1500356532, 141, 13, 20, 0, 0, 2.39%, 0, 0, 5, 3.99
1500356537, 142, 13, 20, 0, 0, 2.39%, 0, 0, 5, 4.02
1500356548, 143, 2, 20, 0, 0, 2.39%, 0, 0, 5, 4.01
1500356614, 143, 13, 20, 0, 0, 2.39%, 0, 0, 5, 3.96
1500356619, 143, 17, 20, 0, 0, 2.39%, 0, 0, 5, 3.90
1500356768, 144, 13, 20, 0, 0, 2.39%, 0, 0, 5, 3.78
1500356773, 145, 11, 20, 0, 0, 2.39%, 0, 0, 5, 3.91
1500356839, 145, 13, 20, 0, 0, 2.39%, 0, 0, 5, 3.94
1500356844, 146, 7, 20, 0, 0, 2.39%, 0, 0, 5, 3.90
1500356921, 146, 8, 20, 0, 0, 2.39%, 0, 0, 5, 3.86
1500356926, 146, 13, 20, 0, 0, 2.39%, 0, 0, 5, 3.90
1500356931, 146, 15, 20, 0, 0, 2.39%, 0, 0, 5, 3.93
1500357018, 147, 0, 20, 0, 0, 2.39%, 0, 0, 5, 3.93
1500357085, 147, 13, 20, 0, 0, 2.39%, 0, 0, 5, 4.00
1500357095, 148, 13, 20, 0, 0, 2.39%, 0, 0, 5, 4.02
1500357100, 149, 8, 20, 0, 0, 2.39%, 0, 0, 5, 3.93
1500357105, 149, 13, 20, 0, 0, 2.39%, 0, 0, 5, 3.93
1500357115, 150, 13, 20, 0, 0, 2.39%, 0, 0, 5, 4.00
1500357120, 151, 13, 20, 0, 0, 2.39%, 0, 0, 5, 4.01
1500357126, 152, 13, 20, 0, 0, 2.39%, 0, 0, 5, 4.02
1500357131, 153, 10, 20, 0, 0, 2.39%, 0, 0, 5, 4.02
1500357136, 153, 13, 20, 0, 0, 2.39%, 0, 0, 5, 3.96
1500357146, 154, 6, 20, 0, 0, 2.39%, 0, 0, 5, 3.95
1500357212, 154, 13, 20, 0, 0, 2.39%, 0, 0, 5, 3.98
1500357217, 154, 18, 20, 0, 0, 2.39%, 0, 0, 5, 4.00
1500357366, 155, 13, 20, 0, 0, 2.39%, 0, 0, 5, 4.02
1500357371, 156, 13, 20, 0, 0, 2.39%, 0, 0, 5, 3.90
1500357376, 157, 13, 20, 0, 0, 2.39%, 0, 0, 5, 3.99
1500357387, 158, 13, 20, 0, 0, 2.39%, 0, 0, 5, 4.06
1500357392, 159, 5, 20, 0, 0, 2.39%, 0, 0, 5, 4.07
1500357458, 159, 8, 21, 1, 0, 2.39%, 0, 0, 5, 3.95
1500357473, 159, 13, 21, 1, 0, 2.39%, 0, 0, 5, 3.96
1500357478, 160, 13, 21, 1, 0, 2.39%, 0, 0, 5, 3.91
1500357484, 160, 18, 21, 1, 0, 2.39%, 0, 0, 5, 4.00
1500357632, 161, 13, 21, 1, 0, 2.39%, 0, 0, 5, 3.98
1500357637, 161, 20, 21, 1, 0, 2.39%, 0, 0, 5, 3.97
1500357749, 162, 8, 21, 0, 0, 2.39%, 0, 0, 5, 4.00
1500357759, 162, 13, 21, 0, 0, 2.39%, 0, 0, 5, 3.78
1500357764, 163, 13, 21, 0, 0, 2.39%, 0, 0, 5, 3.89
1500357770, 164, 2, 21, 0, 0, 2.39%, 0, 0, 5, 4.00
1500357836, 164, 3, 21, 0, 0, 2.39%, 0, 0, 5, 3.98
1500357907, 164, 13, 21, 0, 0, 2.39%, 0, 0, 5, 4.00
1500357912, 165, 13, 21, 0, 0, 2.39%, 0, 0, 5, 4.02
1500357917, 166, 13, 21, 0, 0, 2.39%, 0, 0, 5, 3.98
1500357923, 166, 17, 21, 0, 0, 2.39%, 0, 0, 5, 4.02
1500358067, 166, 18, 21, 0, 0, 2.39%, 0, 0, 5, 4.11
1500358214, 167, 13, 21, 0, 0, 2.39%, 0, 0, 5, 3.94
1500358225, 168, 12, 21, 0, 0, 2.39%, 0, 0, 5, 4.01
1500358291, 168, 13, 21, 0, 0, 2.39%, 0, 0, 5, 4.03
1500358296, 169, 13, 21, 0, 0, 2.39%, 0, 0, 5, 4.01
1500358301, 170, 13, 21, 0, 0, 2.39%, 0, 0, 5, 3.96
1500358306, 170, 14, 21, 0, 0, 2.39%, 0, 0, 5, 4.01
1500358454, 171, 6, 21, 0, 0, 2.39%, 0, 0, 5, 3.91
1500358521, 171, 13, 21, 0, 0, 2.39%, 0, 0, 5, 3.97
1500358531, 171, 16, 21, 0, 0, 2.39%, 0, 0, 5, 3.93
1500358617, 172, 13, 21, 0, 0, 2.39%, 0, 0, 5, 3.96
1500358622, 173, 13, 21, 0, 0, 2.39%, 0, 0, 5, 3.96
1500358627, 174, 13, 21, 0, 0, 2.39%, 0, 0, 5, 3.90
1500358633, 175, 8, 21, 0, 0, 2.39%, 0, 0, 5, 3.95
1500358643, 175, 13, 21, 0, 0, 2.39%, 0, 0, 5, 3.93
1500358648, 176, 3, 21, 0, 0, 2.39%, 0, 0, 5, 4.05
1500358714, 176, 13, 21, 0, 0, 2.39%, 0, 0, 5, 3.99
1500358720, 177, 13, 21, 0, 0, 2.39%, 0, 0, 5, 4.10
1500358730, 177, 18, 21, 0, 0, 2.39%, 0, 0, 5, 4.00
1500358873, 178, 12, 21, 0, 0, 2.39%, 0, 0, 5, 3.95
1500358939, 178, 13, 21, 0, 0, 2.39%, 0, 0, 5, 4.09
1500358944, 178, 19, 21, 0, 0, 2.39%, 0, 0, 5, 4.03
1500358960, 178, 19, 22, 1, 0, 2.39%, 0, 0, 5, 3.90
1500359063, 178, 21, 22, 1, 0, 2.39%, 0, 0, 5, 3.99
1500359211, 179, 11, 22, 0, 0, 2.39%, 0, 0, 5, 3.91
1500359278, 179, 13, 22, 0, 0, 2.39%, 0, 0, 5, 3.91
1500359288, 180, 13, 22, 0, 0, 2.39%, 0, 0, 5, 3.94
1500359293, 181, 2, 22, 0, 0, 2.39%, 0, 0, 5, 4.00
1500359359, 181, 13, 22, 0, 0, 2.39%, 0, 0, 5, 4.00
1500359364, 181, 18, 22, 0, 0, 2.39%, 0, 0, 5, 3.97
1500359513, 182, 2, 22, 0, 0, 2.39%, 0, 0, 5, 3.95
1500359579, 182, 9, 22, 0, 0, 2.39%, 0, 0, 5, 4.01
1500359646, 182, 13, 22, 0, 0, 2.39%, 0, 0, 5, 4.02
1500359651, 182, 21, 22, 0, 0, 2.39%, 0, 0, 5, 3.99
1500359799, 183, 1, 22, 0, 0, 2.39%, 0, 0, 5, 3.93
1500359866, 183, 13, 22, 0, 0, 2.39%, 0, 0, 5, 4.00
1500359871, 183, 14, 22, 0, 0, 2.39%, 0, 0, 5, 4.01
1500360019, 184, 0, 22, 0, 0, 2.39%, 0, 0, 5, 3.98
1500360085, 184, 13, 22, 0, 0, 2.39%, 0, 0, 5, 3.98
1500360096, 185, 13, 22, 0, 0, 2.39%, 0, 0, 5, 3.95
1500360101, 185, 16, 22, 0, 0, 2.39%, 0, 0, 5, 3.93
1500360188, 186, 13, 22, 0, 0, 2.39%, 0, 0, 5, 3.90
1500360193, 187, 13, 22, 0, 0, 2.39%, 0, 0, 5, 4.00
1500360198, 187, 15, 22, 0, 0, 2.39%, 0, 0, 5, 4.11
1500360285, 187, 20, 22, 0, 0, 2.39%, 0, 0, 5, 3.98
1500360372, 188, 4, 22, 0, 0, 2.39%, 0, 0, 5, 4.07
1500360438, 188, 13, 22, 0, 0, 2.39%, 0, 0, 5, 3.99
1500360443, 188, 17, 22, 0, 0, 2.39%, 0, 0, 5, 3.95
1500360591, 189, 7, 22, 0, 0, 2.39%, 0, 0, 5, 3.95
1500360668, 189, 13, 22, 0, 0, 2.39%, 0, 0, 5, 3.80
1500360673, 189, 14, 22, 0, 0, 2.39%, 0, 0, 5, 3.92
1500360822, 190, 13, 22, 0, 0, 2.39%, 0, 0, 5, 3.99
1500360827, 190, 17, 22, 0, 0, 2.39%, 0, 0, 5, 3.95
1500360975, 191, 11, 22, 0, 0, 2.39%, 0, 0, 5, 3.96
1500361041, 191, 13, 22, 0, 0, 2.39%, 0, 0, 5, 3.91
1500361051, 191, 21, 22, 0, 0, 2.39%, 0, 0, 5, 4.03
1500361194, 192, 6, 22, 0, 0, 2.39%, 0, 0, 5, 3.96
1500361261, 192, 11, 22, 0, 0, 2.39%, 0, 0, 5, 3.93
1500361328, 192, 13, 22, 0, 0, 2.39%, 0, 0, 5, 3.97
1500361338, 192, 16, 22, 0, 0, 2.39%, 0, 0, 5, 3.96
1500361425, 193, 13, 22, 0, 0, 2.39%, 0, 0, 5, 3.99
1500361430, 194, 13, 22, 0, 0, 2.39%, 0, 0, 5, 4.08
1500361435, 195, 7, 22, 0, 0, 2.39%, 0, 0, 5, 4.00
1500361506, 195, 13, 22, 0, 0, 2.39%, 0, 0, 5, 3.97
1500361517, 196, 13, 22, 0, 0, 2.39%, 0, 0, 5, 3.87
1500361522, 196, 15, 22, 0, 0, 2.39%, 0, 0, 5, 4.01
1500361609, 197, 2, 22, 0, 0, 2.39%, 0, 0, 5, 3.97
1500361676, 197, 7, 22, 0, 0, 2.39%, 0, 0, 5, 3.98
1500361748, 197, 13, 22, 0, 0, 2.39%, 0, 0, 5, 3.89
1500361758, 197, 16, 22, 0, 0, 2.39%, 0, 0, 5, 3.97
1500361840, 198, 2, 22, 0, 0, 2.39%, 0, 0, 5, 3.97
1500361912, 198, 13, 22, 0, 0, 2.39%, 0, 0, 5, 3.94
1500361917, 199, 5, 22, 0, 0, 2.39%, 0, 0, 5, 4.04
1500361983, 199, 7, 22, 0, 0, 2.39%, 0, 0, 5, 4.00
1500362054, 199, 13, 22, 0, 0, 2.39%, 0, 0, 5, 4.01
1500362065, 200, 13, 22, 0, 0, 2.39%, 0, 0, 5, 3.93
1500362070, 201, 13, 22, 0, 0, 2.39%, 0, 0, 5, 3.98
1500362075, 201, 15, 22, 0, 0, 2.39%, 0, 0, 5, 4.01
1500362162, 202, 13, 22, 0, 0, 2.39%, 0, 0, 5, 3.95
1500362167, 202, 20, 22, 0, 0, 2.39%, 0, 0, 5, 4.02
1500362254, 203, 5, 22, 0, 0, 2.39%, 0, 0, 5, 4.09
1500362321, 203, 13, 22, 0, 0, 2.39%, 0, 0, 5, 3.93
1500362331, 204, 2, 22, 0, 0, 2.39%, 0, 0, 5, 4.01
1500362397, 204, 13, 22, 0, 0, 2.39%, 0, 0, 5, 3.98
1500362402, 204, 14, 22, 0, 0, 2.39%, 0, 0, 5, 3.99
1500362545, 205, 2, 22, 0, 0, 2.39%, 0, 0, 5, 4.06
1500362617, 205, 13, 22, 0, 0, 2.39%, 0, 0, 5, 4.01
1500362622, 206, 9, 22, 0, 0, 2.39%, 0, 0, 5, 3.91
1500362689, 206, 10, 22, 0, 0, 2.39%, 0, 0, 5, 3.93
1500362694, 206, 13, 22, 0, 0, 2.39%, 0, 0, 5, 3.99
1500362699, 207, 11, 22, 0, 0, 2.39%, 0, 0, 5, 4.02
1500362766, 207, 13, 22, 0, 0, 2.39%, 0, 0, 5, 3.95
1500362776, 208, 13, 22, 0, 0, 2.39%, 0, 0, 5, 4.02
1500362781, 208, 21, 22, 0, 0, 2.39%, 0, 0, 5, 4.03
1500362928, 209, 7, 22, 0, 0, 2.39%, 0, 0, 5, 3.99
1500362999, 209, 13, 22, 0, 0, 2.39%, 0, 0, 5, 3.96
1500363010, 210, 5, 22, 0, 0, 2.39%, 0, 0, 5, 3.89
1500363076, 210, 10, 22, 0, 0, 2.39%, 0, 0, 5, 3.90
1500363081, 210, 13, 22, 0, 0, 2.39%, 0, 0, 5, 3.91
1500363086, 211, 13, 22, 0, 0, 2.39%, 0, 0, 5, 3.99
1500363096, 212, 10, 22, 0, 0, 2.39%, 0, 0, 5, 3.97
1500363102, 212, 13, 22, 0, 0, 2.39%, 0, 0, 5, 3.94
1500363107, 213, 11, 22, 0, 0, 2.39%, 0, 0, 5, 3.96
1500363173, 213, 13, 22, 0, 0, 2.39%, 0, 0, 5, 3.95
1500363179, 213, 18, 22, 0, 0, 2.39%, 0, 0, 5, 3.94
1500363328, 214, 13, 22, 0, 0, 2.39%, 0, 0, 5, 3.96
1500363333, 215, 5, 22, 0, 0, 2.39%, 0, 0, 5, 3.99
1500363405, 215, 13, 22, 0, 0, 2.39%, 0, 0, 5, 3.94
1500363410, 216, 11, 22, 0, 0, 2.39%, 0, 0, 5, 4.07
1500363476, 216, 13, 22, 0, 0, 2.39%, 0, 0, 5, 4.01
1500363481, 216, 17, 22, 0, 0, 2.39%, 0, 0, 5, 3.96
1500363568, 216, 17, 23, 1, 0, 2.39%, 0, 0, 6, 3.94
1500363634, 216, 21, 23, 1, 0, 2.39%, 0, 0, 6, 3.94
1500363784, 217, 6, 23, 1, 0, 2.39%, 0, 0, 6, 3.96
1500363850, 217, 11, 23, 1, 0, 2.39%, 0, 0, 6, 3.93
1500363916, 217, 13, 23, 1, 0, 2.39%, 0, 0, 6, 4.06
1500363921, 217, 16, 23, 1, 0, 2.39%, 0, 0, 6, 3.92
1500364008, 218, 8, 23, 1, 0, 2.39%, 0, 0, 6, 3.90
1500364018, 218, 11, 23, 1, 0, 2.39%, 0, 0, 6, 3.95
1500364084, 218, 13, 23, 1, 0, 2.39%, 0, 0, 6, 3.94
1500364089, 218, 15, 23, 1, 0, 2.39%, 0, 0, 6, 3.95
1500364176, 219, 8, 23, 1, 0, 2.39%, 0, 0, 6, 3.97
1500364181, 219, 13, 23, 1, 0, 2.39%, 0, 0, 6, 3.97
1500364192, 220, 8, 23, 1, 0, 2.39%, 0, 0, 6, 4.03
1500364197, 220, 13, 23, 1, 0, 2.39%, 0, 0, 6, 3.93
1500364202, 220, 22, 23, 1, 0, 2.39%, 0, 0, 6, 3.89
1500364350, 221, 0, 23, 0, 0, 2.39%, 0, 0, 6, 3.97
1500364416, 221, 5, 23, 0, 0, 2.39%, 0, 0, 6, 3.94
1500364483, 221, 13, 23, 0, 0, 2.39%, 0, 0, 6, 4.04
1500364488, 221, 22, 23, 0, 0, 2.39%, 0, 0, 6, 3.82
1500364636, 222, 3, 23, 0, 0, 2.39%, 0, 0, 6, 3.95
1500364703, 222, 13, 23, 0, 0, 2.39%, 0, 0, 6, 3.98
1500364713, 223, 13, 23, 0, 0, 2.39%, 0, 0, 6, 3.96
1500364718, 224, 13, 23, 0, 0, 2.39%, 0, 0, 6, 3.88
1500364723, 224, 22, 23, 0, 0, 2.39%, 0, 0, 6, 3.93
1500364733, 224, 22, 24, 1, 0, 2.39%, 0, 0, 7, 4.00
1500364918, 224, 23, 24, 1, 0, 2.39%, 0, 0, 7, 4.11
1500364969, 225, 11, 24, 0, 0, 2.39%, 0, 0, 7, 4.00
1500365025, 225, 13, 24, 0, 0, 2.39%, 0, 0, 7, 4.00
1500365036, 226, 4, 24, 0, 0, 2.39%, 0, 0, 7, 3.91
1500365102, 226, 11, 24, 0, 0, 2.39%, 0, 0, 7, 4.00
1500365169, 226, 13, 24, 0, 0, 2.39%, 0, 0, 7, 3.95
1500365174, 227, 3, 24, 0, 0, 2.39%, 0, 0, 7, 3.90
1500365240, 227, 10, 24, 0, 0, 2.39%, 0, 0, 7, 3.95
1500365250, 227, 13, 24, 0, 0, 2.39%, 0, 0, 7, 3.94
1500365255, 228, 12, 24, 0, 0, 2.39%, 0, 0, 7, 3.93
1500365316, 228, 13, 24, 0, 0, 2.39%, 0, 0, 7, 3.97
1500365327, 228, 18, 24, 0, 0, 2.39%, 0, 0, 7, 4.03
1500365470, 228, 21, 24, 0, 0, 2.39%, 0, 0, 7, 3.98
1500365618, 229, 4, 24, 0, 0, 2.39%, 0, 0, 7, 3.89
1500365675, 229, 13, 24, 0, 0, 2.39%, 0, 0, 7, 3.99
1500365680, 229, 18, 24, 0, 0, 2.39%, 0, 0, 7, 3.96
1500365829, 229, 22, 24, 0, 0, 2.39%, 0, 0, 7, 3.90
1500365968, 230, 10, 24, 0, 0, 2.39%, 0, 0, 7, 3.86
1500365973, 230, 13, 24, 0, 0, 2.39%, 0, 0, 7, 4.04
1500365983, 230, 23, 24, 0, 0, 2.39%, 0, 0, 7, 4.06
1500366034, 231, 13, 24, 0, 0, 2.39%, 0, 0, 7, 4.01
1500366039, 232, 11, 24, 0, 0, 2.39%, 0, 0, 7, 3.99
1500366106, 232, 13, 24, 0, 0, 2.39%, 0, 0, 7, 4.02
1500366111, 233, 13, 24, 0, 0, 2.39%, 0, 0, 7, 4.06
1500366121, 233, 14, 24, 0, 0, 2.39%, 0, 0, 7, 3.92
1500366254, 234, 10, 24, 0, 0, 2.39%, 0, 0, 7, 4.00
1500366259, 234, 13, 24, 0, 0, 2.39%, 0, 0, 7, 4.02
1500366264, 234, 19, 24, 0, 0, 2.39%, 0, 0, 7, 3.98
1500366346, 235, 13, 24, 0, 0, 2.39%, 0, 0, 7, 4.04
1500366356, 236, 13, 24, 0, 0, 2.39%, 0, 0, 7, 4.01
1500366362, 236, 17, 24, 0, 0, 2.39%, 0, 0, 7, 3.91
1500366499, 237, 13, 24, 0, 0, 2.39%, 0, 0, 7, 3.98
1500366510, 238, 2, 24, 0, 0, 2.39%, 0, 0, 7, 4.05
1500366576, 238, 13, 24, 0, 0, 2.39%, 0, 0, 7, 3.98
1500366581, 238, 16, 24, 0, 0, 2.39%, 0, 0, 7, 3.96
1500366663, 239, 13, 24, 0, 0, 2.39%, 0, 0, 7, 3.94
1500366668, 240, 13, 24, 0, 0, 2.39%, 0, 0, 7, 3.85
1500366679, 240, 17, 24, 0, 0, 2.39%, 0, 0, 7, 4.03
1500366817, 240, 23, 24, 0, 0, 2.39%, 0, 0, 7, 3.87
1500366868, 241, 5, 24, 0, 0, 2.39%, 0, 0, 7, 3.94
1500366930, 241, 6, 24, 0, 0, 2.39%, 0, 0, 7, 4.00
1500366996, 241, 13, 24, 0, 0, 2.39%, 0, 0, 7, 4.01
1500367001, 241, 19, 24, 0, 0, 2.39%, 0, 0, 7, 3.98
1500367088, 241, 22, 24, 0, 0, 2.39%, 0, 0, 7, 3.96
1500367236, 242, 1, 24, 0, 0, 2.39%, 0, 0, 7, 3.94
1500367303, 242, 3, 24, 0, 0, 2.39%, 0, 0, 7, 3.97
1500367364, 242, 13, 24, 0, 0, 2.39%, 0, 0, 7, 3.99
1500367370, 242, 17, 24, 0, 0, 2.39%, 0, 0, 7, 3.98
1500367518, 242, 20, 24, 0, 0, 2.39%, 0, 0, 7, 3.97
1500367600, 243, 13, 24, 0, 0, 2.39%, 0, 0, 7, 3.99
1500367605, 244, 1, 24, 0, 0, 2.39%, 0, 0, 7, 3.97
1500367676, 244, 7, 24, 0, 0, 2.39%, 0, 0, 7, 3.95
1500367748, 244, 13, 24, 0, 0, 2.39%, 0, 0, 7, 3.93
1500367753, 245, 13, 24, 0, 0, 2.39%, 0, 0, 7, 3.97
1500367763, 245, 15, 24, 0, 0, 2.39%, 0, 0, 7, 4.00
1500367845, 246, 0, 24, 0, 0, 2.39%, 0, 0, 7, 3.93
1500367911, 246, 13, 24, 0, 0, 2.39%, 0, 0, 7, 3.92
1500367916, 247, 13, 24, 0, 0, 2.39%, 0, 0, 7, 3.99
1500367921, 248, 13, 24, 0, 0, 2.39%, 0, 0, 7, 3.98
1500367932, 249, 13, 24, 0, 0, 2.39%, 0, 0, 7, 3.95
1500367937, 249, 16, 24, 0, 0, 2.39%, 0, 0, 7, 4.00
1500368019, 250, 12, 24, 0, 0, 2.39%, 0, 0, 7, 4.00
1500368085, 250, 13, 24, 0, 0, 2.39%, 0, 0, 7, 3.93
1500368090, 250, 23, 24, 0, 0, 2.39%, 0, 0, 7, 4.00
1500368141, 251, 0, 24, 0, 0, 2.39%, 0, 0, 7, 3.95
1500368212, 251, 2, 24, 0, 0, 2.39%, 0, 0, 7, 3.99
1500368274, 251, 10, 24, 0, 0, 2.39%, 0, 0, 7, 4.02
1500368279, 251, 13, 24, 0, 0, 2.39%, 0, 0, 7, 3.95
1500368284, 251, 23, 24, 0, 0, 2.39%, 0, 0, 7, 3.87
1500368340, 252, 13, 24, 0, 0, 2.39%, 0, 0, 7, 4.00
1500368345, 253, 5, 24, 0, 0, 2.39%, 0, 0, 7, 3.99
1500368407, 253, 10, 24, 0, 0, 2.39%, 0, 0, 7, 3.99
1500368412, 253, 13, 24, 0, 0, 2.39%, 0, 0, 7, 3.95
1500368422, 253, 16, 24, 0, 0, 2.39%, 0, 0, 7, 3.96
1500368508, 254, 6, 24, 0, 0, 2.39%, 0, 0, 7, 3.98
1500368570, 254, 9, 24, 0, 0, 2.39%, 0, 0, 7, 3.95
1500368632, 254, 13, 24, 0, 0, 2.39%, 0, 0, 7, 3.84
1500368642, 255, 13, 24, 0, 0, 2.39%, 0, 0, 7, 3.93
1500368647, 255, 16, 24, 0, 0, 2.39%, 0, 0, 7, 3.90
1500368734, 256, 13, 24, 0, 0, 2.39%, 0, 0, 7, 4.05
1500368739, 257, 1, 24, 0, 0, 2.39%, 0, 0, 7, 3.90
1500368806, 257, 13, 24, 0, 0, 2.39%, 0, 0, 7, 4.00
1500368811, 257, 17, 24, 0, 0, 2.39%, 0, 0, 7, 3.96
1500368959, 257, 18, 24, 0, 0, 2.39%, 0, 0, 7, 3.97
1500369102, 258, 13, 24, 0, 0, 2.39%, 0, 0, 7, 4.02
1500369108, 258, 16, 24, 0, 0, 2.39%, 0, 0, 7, 3.94
1500369195, 259, 13, 24, 0, 0, 2.39%, 0, 0, 7, 3.95
1500369205, 260, 4, 24, 0, 0, 2.39%, 0, 0, 7, 3.94
1500369271, 260, 12, 24, 0, 0, 2.39%, 0, 0, 7, 3.94
1500369338, 260, 13, 24, 0, 0, 2.39%, 0, 0, 7, 3.92
1500369343, 261, 13, 24, 0, 0, 2.39%, 0, 0, 7, 3.99
1500369348, 261, 16, 24, 0, 0, 2.39%, 0, 0, 7, 4.03
1500369435, 261, 17, 24, 0, 0, 2.39%, 0, 0, 7, 4.03
1500369582, 262, 13, 24, 0, 0, 2.39%, 0, 0, 7, 3.93
1500369587, 262, 20, 24, 0, 0, 2.39%, 0, 0, 7, 3.94
1500369669, 263, 11, 24, 0, 0, 2.39%, 0, 0, 7, 3.89
1500369731, 263, 13, 24, 0, 0, 2.39%, 0, 0, 7, 3.94
1500369736, 264, 13, 24, 0, 0, 2.39%, 0, 0, 7, 3.91
1500369746, 264, 19, 24, 0, 0, 2.39%, 0, 0, 7, 3.99
1500369828, 265, 13, 24, 0, 0, 2.39%, 0, 0, 7, 3.98
1500369833, 265, 17, 24, 0, 0, 2.39%, 0, 0, 7, 3.96
1500369972, 266, 13, 24, 0, 0, 2.39%, 0, 0, 7, 4.06
1500369977, 266, 20, 24, 0, 0, 2.39%, 0, 0, 7, 3.99
1500370064, 267, 13, 24, 0, 0, 2.39%, 0, 0, 7, 4.06
1500370074, 267, 14, 24, 0, 0, 2.39%, 0, 0, 7, 4.01
1500370218, 267, 21, 24, 0, 0, 2.39%, 0, 0, 7, 3.85
1500370361, 268, 13, 24, 0, 0, 2.39%, 0, 0, 7, 3.94
1500370366, 269, 3, 24, 0, 0, 2.39%, 0, 0, 7, 3.99
1500370428, 269, 8, 24, 0, 0, 2.39%, 0, 0, 7, 3.89
1500370433, 269, 13, 24, 0, 0, 2.39%, 0, 0, 7, 3.92
1500370443, 270, 13, 24, 0, 0, 2.39%, 0, 0, 7, 4.01
1500370448, 270, 21, 24, 0, 0, 2.39%, 0, 0, 7, 3.96
1500370596, 271, 2, 24, 0, 0, 2.39%, 0, 0, 7, 3.98
1500370652, 271, 13, 24, 0, 0, 2.39%, 0, 0, 7, 3.95
1500370658, 272, 13, 24, 0, 0, 2.39%, 0, 0, 7, 3.94
1500370668, 273, 13, 24, 0, 0, 2.39%, 0, 0, 7, 4.01
1500370673, 274, 13, 24, 0, 0, 2.39%, 0, 0, 7, 4.18
1500370678, 275, 9, 24, 0, 0, 2.39%, 0, 0, 7, 4.01
1500370740, 275, 13, 24, 0, 0, 2.39%, 0, 0, 7, 3.89
1500370750, 275, 16, 24, 0, 0, 2.39%, 0, 0, 7, 3.85
1500370836, 276, 7, 24, 0, 0, 2.39%, 0, 0, 7, 3.99
1500370908, 276, 12, 25, 1, 0, 2.39%, 0, 0, 7, 4.00
1500370985, 276, 13, 25, 1, 0, 2.39%, 0, 0, 7, 4.02
1500370990, 277, 11, 25, 1, 0, 2.39%, 0, 0, 7, 3.93
1500371057, 277, 13, 25, 1, 0, 2.39%, 0, 0, 7, 3.92
1500371062, 278, 13, 25, 1, 0, 2.39%, 0, 0, 7, 3.98
1500371072, 278, 14, 25, 1, 0, 2.39%, 0, 0, 7, 3.98
1500371159, 279, 13, 25, 1, 0, 2.39%, 0, 0, 7, 3.98
1500371164, 279, 16, 25, 1, 0, 2.39%, 0, 0, 7, 3.95
1500371251, 280, 5, 25, 1, 0, 2.39%, 0, 0, 7, 3.93
1500371317, 280, 13, 25, 1, 0, 2.39%, 0, 0, 7, 3.95
1500371322, 281, 3, 25, 1, 0, 2.39%, 0, 0, 7, 4.09
1500371389, 281, 9, 25, 1, 0, 2.39%, 0, 0, 7, 4.00
1500371455, 281, 10, 25, 1, 0, 2.39%, 0, 0, 7, 3.95
1500371466, 281, 13, 25, 1, 0, 2.39%, 0, 0, 7, 3.97
1500371471, 281, 23, 25, 1, 0, 2.39%, 0, 0, 7, 3.96
1500371522, 281, 24, 25, 1, 0, 2.39%, 0, 0, 7, 3.97
1500371644, 282, 13, 25, 0, 0, 2.39%, 0, 0, 7, 4.00
1500371649, 283, 3, 25, 0, 0, 2.39%, 0, 0, 7, 3.98
1500371715, 283, 6, 25, 0, 0, 2.39%, 0, 0, 7, 3.96
1500371782, 283, 7, 25, 0, 0, 2.39%, 0, 0, 7, 3.99
1500371858, 283, 13, 25, 0, 0, 2.39%, 0, 0, 7, 3.90
1500371863, 283, 22, 25, 0, 0, 2.39%, 0, 0, 7, 3.96
1500372011, 284, 0, 25, 0, 0, 2.39%, 0, 0, 7, 3.87
1500372078, 284, 13, 25, 0, 0, 2.39%, 0, 0, 7, 3.84
1500372083, 284, 21, 25, 0, 0, 2.39%, 0, 0, 7, 3.93
1500372231, 285, 13, 25, 0, 0, 2.39%, 0, 0, 7, 3.98
1500372236, 286, 6, 25, 0, 0, 2.39%, 0, 0, 7, 3.98
1500372302, 286, 13, 25, 0, 0, 2.39%, 0, 0, 7, 3.94
1500372312, 287, 13, 25, 0, 0, 2.39%, 0, 0, 7, 3.99
1500372317, 287, 22, 25, 0, 0, 2.39%, 0, 0, 7, 4.03
1500372465, 288, 13, 25, 0, 0, 2.39%, 0, 0, 7, 3.98
1500372470, 289, 13, 25, 0, 0, 2.39%, 0, 0, 7, 4.01
1500372475, 290, 0, 25, 0, 0, 2.39%, 0, 0, 7, 4.13
1500372546, 290, 2, 25, 0, 0, 2.39%, 0, 0, 7, 3.97
1500372613, 290, 13, 25, 0, 0, 2.39%, 0, 0, 7, 3.99
1500372618, 290, 18, 25, 0, 0, 2.39%, 0, 0, 7, 3.93
1500372766, 290, 20, 25, 0, 0, 2.39%, 0, 0, 7, 4.01
1500372853, 290, 21, 25, 0, 0, 2.39%, 0, 0, 7, 3.88
1500372996, 291, 9, 25, 0, 0, 2.39%, 0, 0, 7, 3.91
1500373067, 291, 13, 25, 0, 0, 2.39%, 0, 0, 7, 4.04
1500373072, 291, 14, 25, 0, 0, 2.39%, 0, 0, 7, 4.02
1500373144, 291, 15, 25, 0, 0, 2.39%, 0, 0, 7, 4.01
1500373231, 292, 10, 25, 0, 0, 2.39%, 0, 0, 7, 3.94
1500373241, 292, 13, 25, 0, 0, 2.39%, 0, 0, 7, 4.04
1500373246, 293, 13, 25, 0, 0, 2.39%, 0, 0, 7, 3.93
1500373251, 294, 1, 25, 0, 0, 2.39%, 0, 0, 7, 3.97
1500373317, 294, 6, 25, 0, 0, 2.39%, 0, 0, 7, 3.97
1500373384, 294, 8, 25, 0, 0, 2.39%, 0, 0, 7, 3.99
1500373389, 294, 9, 25, 0, 0, 2.39%, 0, 0, 7, 3.91
1500373456, 294, 13, 25, 0, 0, 2.39%, 0, 0, 7, 3.99
1500373466, 295, 13, 25, 0, 0, 2.39%, 0, 0, 7, 3.98
1500373471, 296, 4, 25, 0, 0, 2.39%, 0, 0, 7, 3.97
1500373538, 296, 13, 25, 0, 0, 2.39%, 0, 0, 7, 3.90
1500373543, 297, 13, 25, 0, 0, 2.39%, 0, 0, 7, 3.92
1500373553, 298, 13, 25, 0, 0, 2.39%, 0, 0, 7, 3.91
1500373558, 299, 7, 25, 0, 0, 2.39%, 0, 0, 7, 3.98
1500373630, 299, 13, 25, 0, 0, 2.39%, 0, 0, 7, 3.86
1500373640, 300, 13, 25, 0, 0, 2.39%, 0, 0, 7, 3.94
1500373645, 300, 22, 25, 0, 0, 2.39%, 0, 0, 7, 3.96
1500373788, 301, 13, 25, 0, 0, 2.39%, 0, 0, 7, 3.88
1500373798, 302, 13, 25, 0, 0, 2.39%, 0, 0, 7, 3.99
1500373804, 303, 13, 25, 0, 0, 2.39%, 0, 0, 7, 3.96
1500373809, 304, 9, 25, 0, 0, 2.39%, 0, 0, 7, 3.85
1500373876, 304, 13, 25, 0, 0, 2.39%, 0, 0, 7, 4.02
1500373881, 305, 12, 25, 0, 0, 2.39%, 0, 0, 7, 3.98
1500373947, 305, 13, 25, 0, 0, 2.39%, 0, 0, 7, 3.92
1500373952, 305, 17, 25, 0, 0, 2.39%, 0, 0, 7, 3.92
1500374096, 306, 2, 25, 0, 0, 2.39%, 0, 0, 7, 3.99
1500374168, 306, 13, 25, 0, 0, 2.39%, 0, 0, 7, 3.87
1500374173, 307, 11, 25, 0, 0, 2.39%, 0, 0, 7, 3.93
1500374239, 307, 13, 25, 0, 0, 2.39%, 0, 0, 7, 3.97
1500374244, 308, 13, 25, 0, 0, 2.39%, 0, 0, 7, 3.95
1500374255, 308, 18, 25, 0, 0, 2.39%, 0, 0, 7, 3.96
1500374397, 308, 21, 25, 0, 0, 2.39%, 0, 0, 7, 3.99
1500374464, 308, 21, 26, 1, 0, 2.39%, 0, 0, 7, 3.94
1500374551, 308, 25, 26, 1, 0, 2.39%, 0, 0, 7, 3.99
1500374703, 309, 2, 26, 0, 0, 2.39%, 0, 0, 7, 3.97
1500374770, 309, 11, 26, 0, 0, 2.39%, 0, 0, 7, 3.96
1500374836, 309, 13, 26, 0, 0, 2.39%, 0, 0, 7, 3.94
1500374841, 309, 21, 26, 0, 0, 2.39%, 0, 0, 7, 3.98
1500374989, 310, 7, 26, 0, 0, 2.39%, 0, 0, 7, 3.97
1500375066, 310, 8, 26, 0, 0, 2.39%, 0, 0, 7, 4.04
1500375071, 310, 13, 26, 0, 0, 2.39%, 0, 0, 7, 3.99
1500375076, 311, 2, 26, 0, 0, 2.39%, 0, 0, 7, 4.18
1500375143, 311, 7, 26, 0, 0, 2.39%, 0, 0, 7, 3.88
1500375158, 311, 7, 27, 1, 0, 2.39%, 0, 0, 7, 3.93
1500375225, 311, 13, 27, 1, 0, 2.39%, 0, 0, 7, 3.98
1500375230, 311, 18, 27, 1, 0, 2.39%, 0, 0, 7, 4.00
1500375378, 312, 0, 27, 1, 0, 2.39%, 0, 0, 7, 3.92
1500375445, 312, 13, 27, 1, 0, 2.39%, 0, 0, 7, 3.96
1500375450, 313, 13, 27, 1, 0, 2.39%, 0, 0, 7, 3.96
1500375455, 314, 13, 27, 1, 0, 2.39%, 0, 0, 7, 4.01
1500375465, 315, 2, 27, 1, 0, 2.39%, 0, 0, 7, 4.08
1500375532, 315, 3, 27, 1, 0, 2.39%, 0, 0, 7, 4.01
1500375598, 315, 4, 27, 1, 0, 2.39%, 0, 0, 7, 3.98
1500375665, 315, 13, 27, 1, 0, 2.39%, 0, 0, 7, 4.00
1500375670, 316, 0, 27, 1, 0, 2.39%, 0, 0, 7, 3.95
1500375736, 316, 13, 27, 1, 0, 2.39%, 0, 0, 7, 3.98
1500375746, 317, 13, 27, 1, 0, 2.39%, 0, 0, 7, 4.00
1500375751, 317, 26, 27, 1, 0, 2.39%, 0, 0, 7, 3.98
1500375935, 318, 0, 27, 0, 0, 2.39%, 0, 0, 7, 4.01
1500376001, 318, 13, 27, 0, 0, 2.39%, 0, 0, 7, 3.96
1500376006, 319, 13, 27, 0, 0, 2.39%, 0, 0, 7, 4.09
1500376011, 320, 13, 27, 0, 0, 2.39%, 0, 0, 7, 4.01
1500376017, 320, 26, 27, 0, 0, 2.39%, 0, 0, 7, 4.03
1500376165, 321, 13, 27, 0, 0, 2.39%, 0, 0, 7, 3.95
1500376170, 322, 13, 27, 0, 0, 2.39%, 0, 0, 7, 3.94
1500376181, 323, 13, 27, 0, 0, 2.39%, 0, 0, 7, 3.97
1500376186, 323, 22, 27, 0, 0, 2.39%, 0, 0, 7, 4.03
1500376330, 324, 13, 27, 0, 0, 2.39%, 0, 0, 7, 4.00
1500376340, 325, 13, 27, 0, 0, 2.39%, 0, 0, 7, 3.92
1500376345, 325, 19, 27, 0, 0, 2.39%, 0, 0, 7, 4.09
1500376432, 325, 26, 27, 0, 0, 2.39%, 0, 0, 7, 4.00
1500376576, 326, 6, 27, 0, 0, 2.39%, 0, 0, 7, 4.01
1500376642, 326, 13, 27, 0, 0, 2.39%, 0, 0, 7, 4.00
1500376653, 326, 14, 27, 0, 0, 2.39%, 0, 0, 7, 4.00
1500376719, 326, 23, 27, 0, 0, 2.39%, 0, 0, 7, 3.96
1500376770, 327, 11, 27, 0, 0, 2.39%, 0, 0, 7, 3.90
1500376842, 327, 13, 27, 0, 0, 2.39%, 0, 0, 7, 3.83
1500376847, 328, 7, 27, 0, 0, 2.39%, 0, 0, 7, 3.95
1500376918, 328, 13, 27, 0, 0, 2.39%, 0, 0, 7, 3.96
1500376928, 329, 1, 27, 0, 0, 2.39%, 0, 0, 7, 3.89
1500376994, 329, 13, 27, 0, 0, 2.39%, 0, 0, 7, 4.06
1500376999, 330, 4, 27, 0, 0, 2.39%, 0, 0, 7, 4.01
1500377066, 330, 13, 27, 0, 0, 2.39%, 0, 0, 7, 3.97
1500377071, 330, 14, 27, 0, 0, 2.39%, 0, 0, 7, 4.03
1500377143, 330, 20, 27, 0, 0, 2.39%, 0, 0, 7, 4.02
1500377230, 331, 13, 27, 0, 0, 2.39%, 0, 0, 7, 3.96
1500377235, 331, 14, 27, 0, 0, 2.39%, 0, 0, 7, 3.91
1500377302, 332, 6, 27, 0, 0, 2.39%, 0, 0, 7, 4.05
1500377368, 332, 13, 27, 0, 0, 2.39%, 0, 0, 7, 3.95
1500377373, 333, 13, 27, 0, 0, 2.39%, 0, 0, 7, 4.00
1500377383, 334, 13, 27, 0, 0, 2.39%, 0, 0, 7, 3.97
1500377388, 335, 13, 27, 0, 0, 2.39%, 0, 0, 7, 3.95
1500377393, 335, 19, 27, 0, 0, 2.39%, 0, 0, 7, 3.98
1500377479, 336, 13, 27, 0, 0, 2.39%, 0, 0, 7, 4.00
1500377490, 337, 13, 27, 0, 0, 2.39%, 0, 0, 7, 3.93
1500377495, 338, 1, 27, 0, 0, 2.39%, 0, 0, 7, 4.00
1500377561, 338, 10, 27, 0, 0, 2.39%, 0, 0, 7, 3.95
1500377566, 338, 11, 27, 0, 0, 2.39%, 0, 0, 7, 4.02
1500377632, 338, 13, 27, 0, 0, 2.39%, 0, 0, 7, 3.95
1500377643, 338, 18, 27, 0, 0, 2.39%, 0, 0, 7, 4.00
1500377786, 339, 0, 27, 0, 0, 2.39%, 0, 0, 7, 4.13
1500377852, 339, 13, 27, 0, 0, 2.39%, 0, 0, 7, 4.03
1500377862, 340, 2, 27, 0, 0, 2.39%, 0, 0, 7, 3.96
1500377929, 340, 13, 27, 0, 0, 2.39%, 0, 0, 7, 3.94
1500377934, 340, 15, 27, 0, 0, 2.39%, 0, 0, 7, 3.94
1500378021, 341, 10, 27, 0, 0, 2.39%, 0, 0, 7, 3.98
1500378027, 341, 12, 27, 0, 0, 2.39%, 0, 0, 7, 3.98
1500378088, 341, 13, 27, 0, 0, 2.39%, 0, 0, 7, 4.04
1500378098, 342, 1, 27, 0, 0, 2.39%, 0, 0, 7, 3.91
1500378165, 342, 13, 27, 0, 0, 2.39%, 0, 0, 7, 3.95
1500378170, 343, 11, 27, 0, 0, 2.39%, 0, 0, 7, 3.96
1500378236, 343, 13, 27, 0, 0, 2.39%, 0, 0, 7, 4.02
1500378242, 343, 26, 27, 0, 0, 2.39%, 0, 0, 7, 4.01
1500378389, 344, 4, 27, 0, 0, 2.39%, 0, 0, 7, 3.98
1500378456, 344, 10, 27, 0, 0, 2.39%, 0, 0, 7, 3.92
1500378461, 344, 13, 27, 0, 0, 2.39%, 0, 0, 7, 4.00
1500378466, 344, 15, 27, 0, 0, 2.39%, 0, 0, 7, 4.09
1500378553, 345, 1, 27, 0, 0, 2.39%, 0, 0, 7, 3.95
1500378619, 345, 13, 27, 0, 0, 2.39%, 0, 0, 7, 3.93
1500378629, 345, 15, 27, 0, 0, 2.39%, 0, 0, 7, 3.96
1500378716, 345, 17, 27, 0, 0, 2.39%, 0, 0, 7, 3.96
1500378859, 346, 11, 27, 0, 0, 2.39%, 0, 0, 7, 3.91
1500378926, 346, 13, 27, 0, 0, 2.39%, 0, 0, 7, 4.00
1500378931, 346, 15, 27, 0, 0, 2.39%, 0, 0, 7, 3.99
1500379018, 346, 25, 27, 0, 0, 2.39%, 0, 0, 7, 3.97
1500379167, 347, 13, 27, 0, 0, 2.39%, 0, 0, 7, 3.98
1500379172, 347, 21, 27, 0, 0, 2.39%, 0, 0, 7, 4.02
1500379320, 348, 13, 27, 0, 0, 2.39%, 0, 0, 7, 3.97
1500379325, 348, 16, 27, 0, 0, 2.39%, 0, 0, 7, 3.99
1500379411, 349, 1, 27, 0, 0, 2.39%, 0, 0, 7, 3.92
1500379478, 349, 5, 27, 0, 0, 2.39%, 0, 0, 7, 3.91
1500379544, 349, 13, 27, 0, 0, 2.39%, 0, 0, 7, 4.00
1500379554, 349, 16, 27, 0, 0, 2.39%, 0, 0, 7, 3.90
1500379641, 350, 13, 27, 0, 0, 2.39%, 0, 0, 7, 3.94
1500379646, 350, 25, 27, 0, 0, 2.39%, 0, 0, 7, 3.95
1500379760, 350, 25, 28, 1, 0, 2.39%, 0, 0, 7, 4.03
1500379801, 351, 0, 28, 1, 0, 2.39%, 0, 0, 7, 3.99
1500379867, 351, 13, 28, 1, 0, 2.39%, 0, 0, 7, 3.97
1500379878, 351, 23, 28, 1, 0, 2.39%, 0, 0, 7, 3.99
1500379898, 351, 23, 29, 2, 0, 2.39%, 0, 0, 8, 3.92
1500379980, 352, 3, 29, 2, 0, 2.39%, 0, 0, 8, 3.96
1500380047, 352, 13, 29, 2, 0, 2.39%, 0, 0, 8, 3.95
1500380057, 352, 28, 29, 2, 0, 2.39%, 0, 0, 8, 3.98
1500380134, 353, 7, 29, 1, 0, 2.39%, 0, 0, 8, 4.02
1500380205, 353, 13, 29, 1, 0, 2.39%, 0, 0, 8, 3.96
1500380210, 353, 18, 29, 1, 0, 2.39%, 0, 0, 8, 3.99
1500380358, 354, 13, 29, 1, 0, 2.39%, 0, 0, 8, 3.98
1500380363, 354, 17, 29, 1, 0, 2.39%, 0, 0, 8, 3.95
1500380507, 355, 11, 29, 1, 0, 2.39%, 0, 0, 8, 4.02
1500380578, 355, 13, 29, 1, 0, 2.39%, 0, 0, 8, 4.00
1500380583, 356, 10, 29, 1, 0, 2.39%, 0, 0, 8, 4.02
1500380588, 356, 13, 29, 1, 0, 2.39%, 0, 0, 8, 3.89
1500380593, 356, 20, 29, 1, 0, 2.39%, 0, 0, 8, 4.01
1500380675, 357, 13, 29, 1, 0, 2.39%, 0, 0, 8, 4.04
1500380680, 358, 7, 29, 1, 0, 2.39%, 0, 0, 8, 3.97
1500380752, 358, 13, 29, 1, 0, 2.39%, 0, 0, 8, 4.03
1500380757, 358, 27, 29, 1, 0, 2.39%, 0, 0, 8, 3.95
1500380901, 359, 13, 29, 0, 0, 2.39%, 0, 0, 8, 4.05
1500380911, 359, 27, 29, 0, 0, 2.39%, 0, 0, 8, 4.03
1500381055, 360, 9, 29, 0, 0, 2.39%, 0, 0, 8, 3.92
1500381121, 360, 13, 29, 0, 0, 2.39%, 0, 0, 8, 4.00
1500381131, 361, 13, 29, 0, 0, 2.39%, 0, 0, 8, 3.94
1500381136, 362, 11, 29, 0, 0, 2.39%, 0, 0, 8, 3.98
1500381198, 362, 13, 29, 0, 0, 2.39%, 0, 0, 8, 3.91
1500381203, 363, 2, 29, 0, 0, 2.39%, 0, 0, 8, 3.94
1500381275, 363, 9, 29, 0, 0, 2.39%, 0, 0, 8, 3.97
1500381341, 363, 13, 29, 0, 0, 2.39%, 0, 0, 8, 4.10
1500381347, 363, 25, 29, 0, 0, 2.39%, 0, 0, 8, 3.94
1500381484, 364, 9, 29, 0, 0, 2.39%, 0, 0, 8, 3.95
1500381556, 364, 13, 29, 0, 0, 2.39%, 0, 0, 8, 3.80
1500381561, 364, 21, 29, 0, 0, 2.39%, 0, 0, 8, 3.84
1500381709, 365, 8, 29, 0, 0, 2.39%, 0, 0, 8, 4.02
1500381714, 365, 11, 29, 0, 0, 2.39%, 0, 0, 8, 3.99
1500381781, 365, 13, 29, 0, 0, 2.39%, 0, 0, 8, 3.94
1500381791, 366, 13, 29, 0, 0, 2.39%, 0, 0, 8, 3.94
1500381796, 367, 13, 29, 0, 0, 2.39%, 0, 0, 8, 3.90
1500381801, 368, 13, 29, 0, 0, 2.39%, 0, 0, 8, 3.97
1500381806, 369, 13, 29, 0, 0, 2.39%, 0, 0, 8, 3.91
1500381817, 370, 13, 29, 0, 0, 2.39%, 0, 0, 8, 3.94
1500381822, 371, 13, 29, 0, 0, 2.39%, 0, 0, 8, 3.91
1500381827, 372, 13, 29, 0, 0, 2.39%, 0, 0, 8, 3.91
1500381832, 372, 14, 29, 0, 0, 2.39%, 0, 0, 8, 3.90
1500381903, 373, 13, 29, 0, 0, 2.39%, 0, 0, 8, 3.97
1500381908, 374, 1, 29, 0, 0, 2.39%, 0, 0, 8, 4.01
1500381975, 374, 13, 29, 0, 0, 2.39%, 0, 0, 8, 3.94
1500381985, 375, 4, 29, 0, 0, 2.39%, 0, 0, 8, 4.00
1500382051, 375, 13, 29, 0, 0, 2.39%, 0, 0, 8, 3.94
1500382056, 376, 9, 29, 0, 0, 2.39%, 0, 0, 8, 3.95
1500382123, 376, 10, 29, 0, 0, 2.39%, 0, 0, 8, 3.98
1500382128, 376, 13, 29, 0, 0, 2.39%, 0, 0, 8, 3.90
1500382138, 377, 13, 29, 0, 0, 2.39%, 0, 0, 8, 4.00
1500382143, 377, 22, 29, 0, 0, 2.39%, 0, 0, 8, 3.99
1500382281, 377, 26, 29, 0, 0, 2.39%, 0, 0, 8, 4.00
1500382425, 378, 13, 29, 0, 0, 2.39%, 0, 0, 8, 3.95
1500382430, 378, 15, 29, 0, 0, 2.39%, 0, 0, 8, 3.97
1500382512, 379, 8, 29, 0, 0, 2.39%, 0, 0, 8, 3.99
1500382517, 379, 10, 29, 0, 0, 2.39%, 0, 0, 8, 4.01
1500382527, 379, 13, 29, 0, 0, 2.39%, 0, 0, 8, 4.01
1500382532, 380, 12, 29, 0, 0, 2.39%, 0, 0, 8, 3.99
1500382594, 380, 13, 29, 0, 0, 2.39%, 0, 0, 8, 3.97
1500382599, 380, 15, 29, 0, 0, 2.39%, 0, 0, 8, 3.97
1500382665, 381, 2, 29, 0, 0, 2.39%, 0, 0, 8, 3.97
1500382732, 381, 9, 29, 0, 0, 2.39%, 0, 0, 8, 3.94
1500382799, 381, 13, 29, 0, 0, 2.39%, 0, 0, 8, 3.96
1500382804, 381, 18, 29, 0, 0, 2.39%, 0, 0, 8, 3.94
1500382952, 382, 4, 29, 0, 0, 2.39%, 0, 0, 8, 4.10
1500383008, 382, 13, 29, 0, 0, 2.39%, 0, 0, 8, 3.93
1500383018, 383, 9, 29, 0, 0, 2.39%, 0, 0, 8, 3.97
1500383080, 383, 13, 29, 0, 0, 2.39%, 0, 0, 8, 3.96
1500383085, 384, 1, 29, 0, 0, 2.39%, 0, 0, 8, 3.88
1500383151, 384, 7, 29, 0, 0, 2.39%, 0, 0, 8, 3.94
1500383217, 384, 12, 29, 0, 0, 2.39%, 0, 0, 8, 3.98
1500383289, 384, 13, 29, 0, 0, 2.39%, 0, 0, 8, 3.98
1500383294, 384, 22, 29, 0, 0, 2.39%, 0, 0, 8, 3.96
1500383421, 385, 2, 29, 0, 0, 2.39%, 0, 0, 8, 3.94
1500383483, 385, 6, 29, 0, 0, 2.39%, 0, 0, 8, 3.94
1500383545, 385, 13, 29, 0, 0, 2.39%, 0, 0, 8, 3.85
1500383555, 385, 27, 29, 0, 0, 2.39%, 0, 0, 8, 3.92
1500383698, 386, 13, 29, 0, 0, 2.39%, 0, 0, 8, 3.89
1500383709, 386, 16, 29, 0, 0, 2.39%, 0, 0, 8, 3.96
1500383791, 387, 13, 29, 0, 0, 2.39%, 0, 0, 8, 4.01
1500383796, 388, 13, 29, 0, 0, 2.39%, 0, 0, 8, 4.03
1500383801, 388, 17, 29, 0, 0, 2.39%, 0, 0, 8, 3.95
1500383933, 389, 5, 29, 0, 0, 2.39%, 0, 0, 8, 3.92
1500383999, 389, 13, 29, 0, 0, 2.39%, 0, 0, 8, 4.00
1500384004, 389, 20, 29, 0, 0, 2.39%, 0, 0, 8, 3.99
1500384091, 390, 13, 29, 0, 0, 2.39%, 0, 0, 8, 3.96
1500384096, 390, 20, 29, 0, 0, 2.39%, 0, 0, 8, 3.99
1500384178, 391, 13, 29, 0, 0, 2.39%, 0, 0, 8, 3.94
1500384188, 391, 19, 29, 0, 0, 2.39%, 0, 0, 8, 3.92
1500384276, 392, 2, 29, 0, 0, 2.39%, 0, 0, 8, 4.05
1500384337, 392, 13, 29, 0, 0, 2.39%, 0, 0, 8, 3.94
1500384342, 392, 14, 29, 0, 0, 2.39%, 0, 0, 8, 3.98
1500384409, 393, 13, 29, 0, 0, 2.39%, 0, 0, 8, 3.98
1500384414, 394, 0, 29, 0, 0, 2.39%, 0, 0, 8, 3.94
1500384486, 394, 13, 29, 0, 0, 2.39%, 0, 0, 8, 3.92
1500384491, 394, 20, 29, 0, 0, 2.39%, 0, 0, 8, 3.99
1500384577, 395, 9, 29, 0, 0, 2.39%, 0, 0, 8, 4.01
1500384638, 395, 13, 29, 0, 0, 2.39%, 0, 0, 8, 3.94
1500384648, 396, 13, 29, 0, 0, 2.39%, 0, 0, 8, 3.99
1500384654, 396, 28, 29, 0, 0, 2.39%, 0, 0, 8, 3.94
1500384730, 397, 0, 29, 0, 0, 2.39%, 0, 0, 8, 3.99
1500384797, 397, 9, 29, 0, 0, 2.39%, 0, 0, 8, 4.08
1500384863, 397, 10, 29, 0, 0, 2.39%, 0, 0, 8, 3.95
1500384868, 397, 13, 29, 0, 0, 2.39%, 0, 0, 8, 3.92
1500384873, 398, 5, 29, 0, 0, 2.39%, 0, 0, 8, 3.95
1500384940, 398, 13, 29, 0, 0, 2.39%, 0, 0, 8, 3.93
1500384950, 399, 13, 29, 0, 0, 2.39%, 0, 0, 8, 4.00
1500384955, 399, 28, 29, 0, 0, 2.39%, 0, 0, 8, 3.91
1500385031, 400, 13, 29, 0, 0, 2.39%, 0, 0, 8, 3.97
1500385037, 401, 10, 29, 0, 0, 2.39%, 0, 0, 8, 3.95
1500385047, 401, 13, 29, 0, 0, 2.39%, 0, 0, 8, 3.88
1500385052, 401, 16, 29, 0, 0, 2.39%, 0, 0, 8, 3.94
1500385124, 402, 13, 29, 0, 0, 2.39%, 0, 0, 8, 3.94
1500385129, 403, 2, 29, 0, 0, 2.39%, 0, 0, 8, 3.99
1500385195, 403, 6, 29, 0, 0, 2.39%, 0, 0, 8, 4.00
1500385262, 403, 13, 29, 0, 0, 2.39%, 0, 0, 8, 3.99
1500385267, 403, 23, 29, 0, 0, 2.39%, 0, 0, 8, 3.99
1500385318, 404, 13, 29, 0, 0, 2.39%, 0, 0, 8, 4.04
1500385323, 404, 22, 29, 0, 0, 2.39%, 0, 0, 8, 3.93
1500385466, 405, 13, 29, 0, 0, 2.39%, 0, 0, 8, 3.94
1500385471, 406, 6, 29, 0, 0, 2.39%, 0, 0, 8, 4.03
1500385538, 406, 13, 29, 0, 0, 2.39%, 0, 0, 8, 3.97
1500385543, 407, 1, 29, 0, 0, 2.39%, 0, 0, 8, 4.03
1500385615, 407, 11, 29, 0, 0, 2.39%, 0, 0, 8, 3.92
1500385681, 407, 13, 29, 0, 0, 2.39%, 0, 0, 8, 3.92
1500385686, 407, 21, 29, 0, 0, 2.39%, 0, 0, 8, 3.96
1500385834, 408, 3, 29, 0, 0, 2.39%, 0, 0, 8, 3.96
1500385900, 408, 6, 29, 0, 0, 2.39%, 0, 0, 8, 3.94
1500385957, 408, 13, 29, 0, 0, 2.39%, 0, 0, 8, 4.07
1500385962, 409, 9, 29, 0, 0, 2.39%, 0, 0, 8, 3.96
1500386023, 409, 13, 29, 0, 0, 2.39%, 0, 0, 8, 3.90
1500386028, 410, 10, 29, 0, 0, 2.39%, 0, 0, 8, 3.93
1500386038, 410, 13, 29, 0, 0, 2.39%, 0, 0, 8, 4.01
1500386043, 410, 28, 29, 0, 0, 2.39%, 0, 0, 8, 4.00
1500386100, 410, 28, 30, 1, 0, 2.39%, 0, 0, 9, 3.89
1500386207, 411, 13, 30, 1, 0, 2.39%, 0, 0, 9, 4.01
1500386213, 411, 29, 30, 1, 0, 2.39%, 0, 0, 9, 3.96
1500386602, 412, 11, 30, 0, 0, 2.39%, 0, 0, 9, 3.77
1500386674, 412, 13, 30, 0, 0, 2.39%, 0, 0, 9, 3.92
1500386679, 413, 13, 30, 0, 0, 2.39%, 0, 0, 9, 3.99
1500386684, 413, 25, 30, 0, 0, 2.39%, 0, 0, 9, 3.97
1500386833, 413, 28, 30, 0, 0, 2.39%, 0, 0, 9, 3.93
1500386915, 414, 10, 30, 0, 0, 2.39%, 0, 0, 9, 3.05
1500386925, 414, 13, 30, 0, 0, 2.39%, 0, 0, 9, 3.10
1500386931, 414, 16, 30, 0, 0, 2.39%, 0, 0, 9, 3.00
1500387018, 414, 23, 30, 0, 0, 2.39%, 0, 0, 9, 3.99
1500387074, 414, 28, 30, 0, 0, 2.39%, 0, 0, 9, 4.00
1500387150, 415, 4, 30, 0, 0, 2.39%, 0, 0, 9, 3.99
1500387216, 415, 13, 30, 0, 0, 2.39%, 0, 0, 9, 3.96
1500387222, 416, 13, 30, 0, 0, 2.39%, 0, 0, 9, 3.99
1500387232, 416, 15, 30, 0, 0, 2.39%, 0, 0, 9, 4.02
1500387298, 416, 20, 30, 0, 0, 2.39%, 0, 0, 9, 3.90
1500387386, 417, 10, 30, 0, 0, 2.39%, 0, 0, 9, 3.85
1500387391, 417, 13, 30, 0, 0, 2.39%, 0, 0, 9, 3.89
1500387401, 417, 27, 30, 0, 0, 2.39%, 0, 0, 9, 3.67
1500387550, 418, 11, 30, 0, 0, 2.39%, 0, 0, 9, 3.96
1500387617, 418, 13, 30, 0, 0, 2.39%, 0, 0, 9, 3.77
1500387627, 418, 17, 30, 0, 0, 2.39%, 0, 0, 9, 3.76
1500387791, 418, 28, 30, 0, 0, 2.39%, 0, 0, 9, 3.54
1500387878, 418, 29, 30, 0, 0, 2.39%, 0, 0, 9, 3.56
1500388094, 418, 29, 31, 1, 0, 2.39%, 0, 0, 10, 4.00
1500388145, 419, 0, 31, 1, 0, 2.39%, 0, 0, 10, 3.66
1500388217, 419, 12, 31, 1, 0, 2.39%, 0, 0, 10, 3.88
1500388279, 419, 13, 31, 1, 0, 2.39%, 0, 0, 10, 3.94
1500388284, 420, 13, 31, 1, 0, 2.39%, 0, 0, 10, 3.96
1500388294, 421, 13, 31, 1, 0, 2.39%, 0, 0, 10, 3.91
1500388300, 421, 16, 31, 1, 0, 2.39%, 0, 0, 10, 3.93
1500388371, 421, 21, 31, 1, 0, 2.39%, 0, 0, 10, 3.97
1500388412, 421, 21, 32, 2, 0, 2.39%, 0, 0, 10, 3.96
1500388576, 421, 28, 32, 2, 0, 2.39%, 0, 0, 10, 3.61
1500388658, 421, 30, 32, 2, 0, 2.39%, 0, 0, 10, 3.85
